# Temperatura_=_1.8267801857585153
# Concentracion g/m^3_=_11700.0
# C_Vs_to_Am_M_A/Vsm_=_254322799225.57578
# pendiente_HvsI_1/m_=_3716.3
# ordenada_HvsI_A/m_=_1297.0
# frecuencia_Hz_=_136146.93571111138
# Promedio de 646 ciclos

Tiempo_(s)	Campo_(V.s)	Magnetizacion_(V.s)	Campo_(kA/m)	Magnetizacion_(A/m)
0.000000e+00	-7.013929e-09	-2.180624e-09	-3.840071e+01	-5.674010e+02
1.000000e-08	-7.014079e-09	-2.181205e-09	-3.840153e+01	-5.673828e+02
2.000000e-08	-7.013878e-09	-2.181344e-09	-3.840042e+01	-5.673476e+02
3.000000e-08	-7.013186e-09	-2.181467e-09	-3.839661e+01	-5.673051e+02
4.000000e-08	-7.011826e-09	-2.182138e-09	-3.838912e+01	-5.672651e+02
5.000000e-08	-7.009701e-09	-2.182678e-09	-3.837744e+01	-5.672365e+02
6.000000e-08	-7.006868e-09	-2.182303e-09	-3.836190e+01	-5.672270e+02
7.000000e-08	-7.003496e-09	-2.181348e-09	-3.834342e+01	-5.672416e+02
8.000000e-08	-6.999691e-09	-2.180877e-09	-3.832258e+01	-5.672825e+02
9.000000e-08	-6.995358e-09	-2.182697e-09	-3.829884e+01	-5.673487e+02
1.000000e-07	-6.990318e-09	-2.185036e-09	-3.827122e+01	-5.674359e+02
1.100000e-07	-6.984637e-09	-2.180323e-09	-3.824010e+01	-5.675369e+02
1.200000e-07	-6.978627e-09	-2.172535e-09	-3.820720e+01	-5.676422e+02
1.300000e-07	-6.972421e-09	-2.177661e-09	-3.817321e+01	-5.677406e+02
1.400000e-07	-6.965787e-09	-2.188419e-09	-3.813688e+01	-5.678206e+02
1.500000e-07	-6.958563e-09	-2.182582e-09	-3.809731e+01	-5.678710e+02
1.600000e-07	-6.950908e-09	-2.167900e-09	-3.805540e+01	-5.678822e+02
1.700000e-07	-6.942931e-09	-2.172693e-09	-3.801172e+01	-5.678470e+02
1.800000e-07	-6.934425e-09	-2.189264e-09	-3.796512e+01	-5.677614e+02
1.900000e-07	-6.925197e-09	-2.186134e-09	-3.791457e+01	-5.676250e+02
2.000000e-07	-6.915380e-09	-2.171628e-09	-3.786079e+01	-5.674409e+02
2.100000e-07	-6.905140e-09	-2.176445e-09	-3.780469e+01	-5.672159e+02
2.200000e-07	-6.894332e-09	-2.191978e-09	-3.774548e+01	-5.669594e+02
2.300000e-07	-6.882824e-09	-2.190595e-09	-3.768246e+01	-5.666831e+02
2.400000e-07	-6.870753e-09	-2.182480e-09	-3.761636e+01	-5.663996e+02
2.500000e-07	-6.858187e-09	-2.186747e-09	-3.754755e+01	-5.661214e+02
2.600000e-07	-6.845028e-09	-2.189508e-09	-3.747548e+01	-5.658596e+02
2.700000e-07	-6.831271e-09	-2.181421e-09	-3.740014e+01	-5.656233e+02
2.800000e-07	-6.816935e-09	-2.179785e-09	-3.732163e+01	-5.654184e+02
2.900000e-07	-6.801882e-09	-2.183085e-09	-3.723918e+01	-5.652470e+02
3.000000e-07	-6.786064e-09	-2.176739e-09	-3.715255e+01	-5.651074e+02
3.100000e-07	-6.769671e-09	-2.171700e-09	-3.706279e+01	-5.649942e+02
3.200000e-07	-6.752856e-09	-2.176611e-09	-3.697071e+01	-5.648985e+02
3.300000e-07	-6.735625e-09	-2.173430e-09	-3.687636e+01	-5.648089e+02
3.400000e-07	-6.718008e-09	-2.160617e-09	-3.677991e+01	-5.647124e+02
3.500000e-07	-6.699998e-09	-2.162091e-09	-3.668129e+01	-5.645952e+02
3.600000e-07	-6.681471e-09	-2.173593e-09	-3.657984e+01	-5.644444e+02
3.700000e-07	-6.662389e-09	-2.171931e-09	-3.647535e+01	-5.642485e+02
3.800000e-07	-6.642878e-09	-2.165630e-09	-3.636852e+01	-5.639984e+02
3.900000e-07	-6.623032e-09	-2.169900e-09	-3.625987e+01	-5.636883e+02
4.000000e-07	-6.602819e-09	-2.171624e-09	-3.614919e+01	-5.633158e+02
4.100000e-07	-6.582183e-09	-2.165193e-09	-3.603619e+01	-5.628819e+02
4.200000e-07	-6.561095e-09	-2.163518e-09	-3.592072e+01	-5.623909e+02
4.300000e-07	-6.539537e-09	-2.162718e-09	-3.580267e+01	-5.618496e+02
4.400000e-07	-6.517525e-09	-2.156472e-09	-3.568215e+01	-5.612666e+02
4.500000e-07	-6.495064e-09	-2.154645e-09	-3.555916e+01	-5.606516e+02
4.600000e-07	-6.472125e-09	-2.156642e-09	-3.543355e+01	-5.600142e+02
4.700000e-07	-6.448750e-09	-2.152724e-09	-3.530556e+01	-5.593629e+02
4.800000e-07	-6.425030e-09	-2.148036e-09	-3.517569e+01	-5.587048e+02
4.900000e-07	-6.400980e-09	-2.147948e-09	-3.504401e+01	-5.580445e+02
5.000000e-07	-6.376502e-09	-2.145741e-09	-3.490998e+01	-5.573840e+02
5.100000e-07	-6.351433e-09	-2.141565e-09	-3.477269e+01	-5.567229e+02
5.200000e-07	-6.325638e-09	-2.139599e-09	-3.463142e+01	-5.560583e+02
5.300000e-07	-6.299097e-09	-2.136509e-09	-3.448608e+01	-5.553852e+02
5.400000e-07	-6.271939e-09	-2.132579e-09	-3.433736e+01	-5.546975e+02
5.500000e-07	-6.244360e-09	-2.131642e-09	-3.418636e+01	-5.539883e+02
5.600000e-07	-6.216481e-09	-2.129285e-09	-3.403372e+01	-5.532512e+02
5.700000e-07	-6.188292e-09	-2.124083e-09	-3.387938e+01	-5.524803e+02
5.800000e-07	-6.159722e-09	-2.120899e-09	-3.372295e+01	-5.516715e+02
5.900000e-07	-6.130724e-09	-2.118258e-09	-3.356417e+01	-5.508224e+02
6.000000e-07	-6.101302e-09	-2.114167e-09	-3.340308e+01	-5.499328e+02
6.100000e-07	-6.071479e-09	-2.112383e-09	-3.323979e+01	-5.490044e+02
6.200000e-07	-6.041249e-09	-2.110657e-09	-3.307427e+01	-5.480407e+02
6.300000e-07	-6.010581e-09	-2.105185e-09	-3.290635e+01	-5.470466e+02
6.400000e-07	-5.979481e-09	-2.100884e-09	-3.273607e+01	-5.460277e+02
6.500000e-07	-5.948021e-09	-2.099228e-09	-3.256383e+01	-5.449900e+02
6.600000e-07	-5.916274e-09	-2.094991e-09	-3.239001e+01	-5.439386e+02
6.700000e-07	-5.884213e-09	-2.089571e-09	-3.221447e+01	-5.428778e+02
6.800000e-07	-5.851714e-09	-2.086546e-09	-3.203652e+01	-5.418105e+02
6.900000e-07	-5.818643e-09	-2.083382e-09	-3.185544e+01	-5.407377e+02
7.000000e-07	-5.784917e-09	-2.079603e-09	-3.167076e+01	-5.396586e+02
7.100000e-07	-5.750538e-09	-2.076745e-09	-3.148251e+01	-5.385708e+02
7.200000e-07	-5.715598e-09	-2.072161e-09	-3.129120e+01	-5.374704e+02
7.300000e-07	-5.680241e-09	-2.065489e-09	-3.109761e+01	-5.363527e+02
7.400000e-07	-5.644590e-09	-2.060836e-09	-3.090242e+01	-5.352125e+02
7.500000e-07	-5.608684e-09	-2.057781e-09	-3.070583e+01	-5.340448e+02
7.600000e-07	-5.572483e-09	-2.053488e-09	-3.050763e+01	-5.328453e+02
7.700000e-07	-5.535911e-09	-2.048774e-09	-3.030739e+01	-5.316108e+02
7.800000e-07	-5.498903e-09	-2.044859e-09	-3.010476e+01	-5.303397e+02
7.900000e-07	-5.461462e-09	-2.040866e-09	-2.989976e+01	-5.290320e+02
8.000000e-07	-5.423633e-09	-2.036417e-09	-2.969264e+01	-5.276892e+02
8.100000e-07	-5.385405e-09	-2.031154e-09	-2.948333e+01	-5.263144e+02
8.200000e-07	-5.346736e-09	-2.024650e-09	-2.927160e+01	-5.249116e+02
8.300000e-07	-5.307660e-09	-2.018217e-09	-2.905765e+01	-5.234857e+02
8.400000e-07	-5.268278e-09	-2.013438e-09	-2.884203e+01	-5.220415e+02
8.500000e-07	-5.228653e-09	-2.009455e-09	-2.862509e+01	-5.205834e+02
8.600000e-07	-5.188788e-09	-2.004706e-09	-2.840683e+01	-5.191152e+02
8.700000e-07	-5.148637e-09	-1.999054e-09	-2.818701e+01	-5.176392e+02
8.800000e-07	-5.108135e-09	-1.993243e-09	-2.796524e+01	-5.161563e+02
8.900000e-07	-5.067228e-09	-1.987588e-09	-2.774126e+01	-5.146660e+02
9.000000e-07	-5.025856e-09	-1.981665e-09	-2.751473e+01	-5.131662e+02
9.100000e-07	-4.983921e-09	-1.975324e-09	-2.728512e+01	-5.116536e+02
9.200000e-07	-4.941368e-09	-1.969211e-09	-2.705212e+01	-5.101239e+02
9.300000e-07	-4.898273e-09	-1.963681e-09	-2.681616e+01	-5.085723e+02
9.400000e-07	-4.854803e-09	-1.958389e-09	-2.657816e+01	-5.069940e+02
9.500000e-07	-4.811078e-09	-1.952609e-09	-2.633876e+01	-5.053846e+02
9.600000e-07	-4.767113e-09	-1.945770e-09	-2.609805e+01	-5.037403e+02
9.700000e-07	-4.722876e-09	-1.938321e-09	-2.585585e+01	-5.020588e+02
9.800000e-07	-4.678349e-09	-1.931245e-09	-2.561206e+01	-5.003384e+02
9.900000e-07	-4.633522e-09	-1.924677e-09	-2.536663e+01	-4.985793e+02
1.000000e-06	-4.588385e-09	-1.917740e-09	-2.511950e+01	-4.967824e+02
1.010000e-06	-4.542928e-09	-1.910141e-09	-2.487062e+01	-4.949497e+02
1.020000e-06	-4.497145e-09	-1.902518e-09	-2.461996e+01	-4.930840e+02
1.030000e-06	-4.451037e-09	-1.895406e-09	-2.436751e+01	-4.911880e+02
1.040000e-06	-4.404605e-09	-1.888560e-09	-2.411329e+01	-4.892647e+02
1.050000e-06	-4.357845e-09	-1.881378e-09	-2.385727e+01	-4.873166e+02
1.060000e-06	-4.310756e-09	-1.873639e-09	-2.359946e+01	-4.853452e+02
1.070000e-06	-4.263369e-09	-1.865764e-09	-2.334001e+01	-4.833514e+02
1.080000e-06	-4.215733e-09	-1.858107e-09	-2.307920e+01	-4.813352e+02
1.090000e-06	-4.167873e-09	-1.850605e-09	-2.281718e+01	-4.792954e+02
1.100000e-06	-4.119764e-09	-1.842844e-09	-2.255378e+01	-4.772302e+02
1.110000e-06	-4.071349e-09	-1.834297e-09	-2.228871e+01	-4.751374e+02
1.120000e-06	-4.022595e-09	-1.825334e-09	-2.202177e+01	-4.730141e+02
1.130000e-06	-3.973465e-09	-1.816973e-09	-2.175278e+01	-4.708579e+02
1.140000e-06	-3.923899e-09	-1.808904e-09	-2.148139e+01	-4.686665e+02
1.150000e-06	-3.873855e-09	-1.800128e-09	-2.120737e+01	-4.664382e+02
1.160000e-06	-3.823357e-09	-1.790815e-09	-2.093089e+01	-4.641721e+02
1.170000e-06	-3.772480e-09	-1.781773e-09	-2.065232e+01	-4.618679e+02
1.180000e-06	-3.721270e-09	-1.773218e-09	-2.037195e+01	-4.595264e+02
1.190000e-06	-3.669748e-09	-1.764777e-09	-2.008987e+01	-4.571490e+02
1.200000e-06	-3.617929e-09	-1.755954e-09	-1.980617e+01	-4.547375e+02
1.210000e-06	-3.565835e-09	-1.746740e-09	-1.952095e+01	-4.522940e+02
1.220000e-06	-3.513486e-09	-1.737520e-09	-1.923435e+01	-4.498206e+02
1.230000e-06	-3.460883e-09	-1.728446e-09	-1.894636e+01	-4.473191e+02
1.240000e-06	-3.408022e-09	-1.719175e-09	-1.865696e+01	-4.447907e+02
1.250000e-06	-3.354906e-09	-1.708956e-09	-1.836616e+01	-4.422360e+02
1.260000e-06	-3.301560e-09	-1.698069e-09	-1.807410e+01	-4.396546e+02
1.270000e-06	-3.248013e-09	-1.687826e-09	-1.778095e+01	-4.370454e+02
1.280000e-06	-3.194270e-09	-1.678357e-09	-1.748672e+01	-4.344064e+02
1.290000e-06	-3.140326e-09	-1.668472e-09	-1.719138e+01	-4.317352e+02
1.300000e-06	-3.086176e-09	-1.657893e-09	-1.689492e+01	-4.290286e+02
1.310000e-06	-3.031808e-09	-1.647337e-09	-1.659726e+01	-4.262837e+02
1.320000e-06	-2.977210e-09	-1.636563e-09	-1.629835e+01	-4.234971e+02
1.330000e-06	-2.922375e-09	-1.625207e-09	-1.599814e+01	-4.206661e+02
1.340000e-06	-2.867306e-09	-1.613806e-09	-1.569665e+01	-4.177881e+02
1.350000e-06	-2.812029e-09	-1.602442e-09	-1.539402e+01	-4.148614e+02
1.360000e-06	-2.756578e-09	-1.590953e-09	-1.509044e+01	-4.118845e+02
1.370000e-06	-2.700990e-09	-1.579897e-09	-1.478611e+01	-4.088567e+02
1.380000e-06	-2.645288e-09	-1.569398e-09	-1.448117e+01	-4.057777e+02
1.390000e-06	-2.589486e-09	-1.558026e-09	-1.417567e+01	-4.026473e+02
1.400000e-06	-2.533590e-09	-1.545332e-09	-1.386965e+01	-3.994655e+02
1.410000e-06	-2.477598e-09	-1.532609e-09	-1.356312e+01	-3.962322e+02
1.420000e-06	-2.421493e-09	-1.520351e-09	-1.325596e+01	-3.929467e+02
1.430000e-06	-2.365253e-09	-1.507861e-09	-1.294806e+01	-3.896079e+02
1.440000e-06	-2.308852e-09	-1.494749e-09	-1.263928e+01	-3.862143e+02
1.450000e-06	-2.252260e-09	-1.481290e-09	-1.232944e+01	-3.827633e+02
1.460000e-06	-2.195445e-09	-1.467762e-09	-1.201838e+01	-3.792519e+02
1.470000e-06	-2.138382e-09	-1.454524e-09	-1.170597e+01	-3.756765e+02
1.480000e-06	-2.081050e-09	-1.441371e-09	-1.139208e+01	-3.720331e+02
1.490000e-06	-2.023437e-09	-1.427296e-09	-1.107666e+01	-3.683173e+02
1.500000e-06	-1.965559e-09	-1.412102e-09	-1.075977e+01	-3.645248e+02
1.510000e-06	-1.907442e-09	-1.396703e-09	-1.044159e+01	-3.606516e+02
1.520000e-06	-1.849116e-09	-1.381520e-09	-1.012227e+01	-3.566937e+02
1.530000e-06	-1.790597e-09	-1.366183e-09	-9.801884e+00	-3.526480e+02
1.540000e-06	-1.731896e-09	-1.350511e-09	-9.480506e+00	-3.485117e+02
1.550000e-06	-1.673028e-09	-1.334797e-09	-9.158209e+00	-3.442828e+02
1.560000e-06	-1.614005e-09	-1.318912e-09	-8.835062e+00	-3.399598e+02
1.570000e-06	-1.554840e-09	-1.302351e-09	-8.511147e+00	-3.355416e+02
1.580000e-06	-1.495548e-09	-1.285097e-09	-8.186545e+00	-3.310278e+02
1.590000e-06	-1.436145e-09	-1.267134e-09	-7.861328e+00	-3.264179e+02
1.600000e-06	-1.376646e-09	-1.248405e-09	-7.535584e+00	-3.217116e+02
1.610000e-06	-1.317063e-09	-1.229462e-09	-7.209385e+00	-3.169085e+02
1.620000e-06	-1.257405e-09	-1.210770e-09	-6.882778e+00	-3.120080e+02
1.630000e-06	-1.197685e-09	-1.191980e-09	-6.555832e+00	-3.070090e+02
1.640000e-06	-1.137916e-09	-1.172304e-09	-6.228617e+00	-3.019102e+02
1.650000e-06	-1.078108e-09	-1.151311e-09	-5.901187e+00	-2.967094e+02
1.660000e-06	-1.018268e-09	-1.129802e-09	-5.573583e+00	-2.914043e+02
1.670000e-06	-9.584013e-10	-1.108538e-09	-5.245834e+00	-2.859917e+02
1.680000e-06	-8.985066e-10	-1.086855e-09	-4.917930e+00	-2.804682e+02
1.690000e-06	-8.385801e-10	-1.064375e-09	-4.589850e+00	-2.748297e+02
1.700000e-06	-7.786228e-10	-1.041724e-09	-4.261601e+00	-2.690718e+02
1.710000e-06	-7.186322e-10	-1.019062e-09	-3.933170e+00	-2.631897e+02
1.720000e-06	-6.586044e-10	-9.957684e-10	-3.604535e+00	-2.571782e+02
1.730000e-06	-5.985408e-10	-9.714542e-10	-3.275706e+00	-2.510317e+02
1.740000e-06	-5.384434e-10	-9.460411e-10	-2.946694e+00	-2.447444e+02
1.750000e-06	-4.783115e-10	-9.198918e-10	-2.617496e+00	-2.383103e+02
1.760000e-06	-4.181518e-10	-8.939843e-10	-2.288144e+00	-2.317234e+02
1.770000e-06	-3.579683e-10	-8.685457e-10	-1.958662e+00	-2.249774e+02
1.780000e-06	-2.977630e-10	-8.426659e-10	-1.629058e+00	-2.180664e+02
1.790000e-06	-2.375475e-10	-8.155362e-10	-1.299396e+00	-2.109849e+02
1.800000e-06	-1.773323e-10	-7.873257e-10	-9.697367e-01	-2.037281e+02
1.810000e-06	-1.171213e-10	-7.582996e-10	-6.401020e-01	-1.962919e+02
1.820000e-06	-5.691486e-11	-7.282259e-10	-3.104925e-01	-1.886739e+02
1.830000e-06	3.290249e-12	-6.974329e-10	1.911277e-02	-1.808727e+02
1.840000e-06	6.349766e-11	-6.665731e-10	3.487337e-01	-1.728893e+02
1.850000e-06	1.237083e-10	-6.355362e-10	6.783736e-01	-1.647264e+02
1.860000e-06	1.839223e-10	-6.038705e-10	1.008030e+00	-1.563890e+02
1.870000e-06	2.441364e-10	-5.712065e-10	1.337685e+00	-1.478842e+02
1.880000e-06	3.043438e-10	-5.375195e-10	1.667307e+00	-1.392214e+02
1.890000e-06	3.645371e-10	-5.031855e-10	1.996851e+00	-1.304118e+02
1.900000e-06	4.247091e-10	-4.684615e-10	2.326279e+00	-1.214684e+02
1.910000e-06	4.848577e-10	-4.332835e-10	2.655575e+00	-1.124052e+02
1.920000e-06	5.449777e-10	-3.976964e-10	2.984712e+00	-1.032369e+02
1.930000e-06	6.050613e-10	-3.620534e-10	3.313653e+00	-9.397859e+01
1.940000e-06	6.651033e-10	-3.265645e-10	3.642364e+00	-8.464471e+01
1.950000e-06	7.251032e-10	-2.908392e-10	3.970841e+00	-7.524892e+01
1.960000e-06	7.850646e-10	-2.544338e-10	4.299110e+00	-6.580353e+01
1.970000e-06	8.449879e-10	-2.174341e-10	4.627173e+00	-5.631914e+01
1.980000e-06	9.048768e-10	-1.803498e-10	4.955045e+00	-4.680449e+01
1.990000e-06	9.647336e-10	-1.435156e-10	5.282742e+00	-3.726635e+01
2.000000e-06	1.024558e-09	-1.066110e-10	5.610258e+00	-2.770961e+01
2.010000e-06	1.084348e-09	-6.952894e-11	5.937588e+00	-1.813753e+01
2.020000e-06	1.144098e-09	-3.263589e-11	6.264703e+00	-8.552044e+00
2.030000e-06	1.203803e-09	4.311980e-12	6.591569e+00	1.045781e+00
2.040000e-06	1.263458e-09	4.169816e-11	6.918157e+00	1.065531e+01
2.050000e-06	1.323053e-09	7.894255e-11	7.244415e+00	2.027585e+01
2.060000e-06	1.382575e-09	1.158944e-10	7.570272e+00	2.990620e+01
2.070000e-06	1.442006e-09	1.532919e-10	7.895637e+00	3.954432e+01
2.080000e-06	1.501334e-09	1.909536e-10	8.220437e+00	4.918702e+01
2.090000e-06	1.560541e-09	2.280447e-10	8.544575e+00	5.882984e+01
2.100000e-06	1.619608e-09	2.648963e-10	8.867949e+00	6.846703e+01
2.110000e-06	1.678520e-09	3.020729e-10	9.190478e+00	7.809161e+01
2.120000e-06	1.737268e-09	3.391068e-10	9.512107e+00	8.769563e+01
2.130000e-06	1.795844e-09	3.758819e-10	9.832793e+00	9.727039e+01
2.140000e-06	1.854235e-09	4.128319e-10	1.015247e+01	1.068068e+02
2.150000e-06	1.912424e-09	4.496868e-10	1.047103e+01	1.162957e+02
2.160000e-06	1.970390e-09	4.861421e-10	1.078838e+01	1.257282e+02
2.170000e-06	2.028114e-09	5.221884e-10	1.110440e+01	1.350959e+02
2.180000e-06	2.085579e-09	5.578482e-10	1.141902e+01	1.443910e+02
2.190000e-06	2.142780e-09	5.934838e-10	1.173218e+01	1.536066e+02
2.200000e-06	2.199722e-09	6.290470e-10	1.204394e+01	1.627366e+02
2.210000e-06	2.256423e-09	6.639257e-10	1.235437e+01	1.717756e+02
2.220000e-06	2.312910e-09	6.983360e-10	1.266362e+01	1.807188e+02
2.230000e-06	2.369208e-09	7.328908e-10	1.297184e+01	1.895617e+02
2.240000e-06	2.425346e-09	7.668660e-10	1.327918e+01	1.983003e+02
2.250000e-06	2.481350e-09	7.995325e-10	1.358578e+01	2.069303e+02
2.260000e-06	2.537240e-09	8.317438e-10	1.389177e+01	2.154476e+02
2.270000e-06	2.593027e-09	8.640135e-10	1.419719e+01	2.238478e+02
2.280000e-06	2.648707e-09	8.959372e-10	1.450202e+01	2.321263e+02
2.290000e-06	2.704273e-09	9.277651e-10	1.480623e+01	2.402786e+02
2.300000e-06	2.759703e-09	9.594827e-10	1.510969e+01	2.482999e+02
2.310000e-06	2.814968e-09	9.900818e-10	1.541224e+01	2.561858e+02
2.320000e-06	2.870042e-09	1.019355e-09	1.571375e+01	2.639322e+02
2.330000e-06	2.924904e-09	1.048097e-09	1.601410e+01	2.715356e+02
2.340000e-06	2.979546e-09	1.076307e-09	1.631325e+01	2.789932e+02
2.350000e-06	3.033970e-09	1.103961e-09	1.661120e+01	2.863033e+02
2.360000e-06	3.088178e-09	1.131847e-09	1.690797e+01	2.934649e+02
2.370000e-06	3.142177e-09	1.159894e-09	1.720360e+01	3.004781e+02
2.380000e-06	3.195968e-09	1.187593e-09	1.749808e+01	3.073436e+02
2.390000e-06	3.249543e-09	1.214466e-09	1.779138e+01	3.140631e+02
2.400000e-06	3.302890e-09	1.239670e-09	1.808343e+01	3.206383e+02
2.410000e-06	3.355997e-09	1.263497e-09	1.837418e+01	3.270713e+02
2.420000e-06	3.408854e-09	1.286964e-09	1.866355e+01	3.333639e+02
2.430000e-06	3.461451e-09	1.310237e-09	1.895151e+01	3.395177e+02
2.440000e-06	3.513787e-09	1.333337e-09	1.923804e+01	3.455333e+02
2.450000e-06	3.565864e-09	1.356362e-09	1.952315e+01	3.514109e+02
2.460000e-06	3.617682e-09	1.379028e-09	1.980683e+01	3.571497e+02
2.470000e-06	3.669218e-09	1.400917e-09	2.008898e+01	3.627481e+02
2.480000e-06	3.720438e-09	1.422053e-09	2.036940e+01	3.682041e+02
2.490000e-06	3.771288e-09	1.442660e-09	2.064779e+01	3.735152e+02
2.500000e-06	3.821716e-09	1.462602e-09	2.092388e+01	3.786788e+02
2.510000e-06	3.871688e-09	1.481644e-09	2.119746e+01	3.836924e+02
2.520000e-06	3.921189e-09	1.499900e-09	2.146848e+01	3.885544e+02
2.530000e-06	3.970242e-09	1.517565e-09	2.173704e+01	3.932638e+02
2.540000e-06	4.018907e-09	1.534703e-09	2.200347e+01	3.978209e+02
2.550000e-06	4.067247e-09	1.551323e-09	2.226812e+01	4.022271e+02
2.560000e-06	4.115329e-09	1.567287e-09	2.253135e+01	4.064853e+02
2.570000e-06	4.163205e-09	1.582840e-09	2.279346e+01	4.105997e+02
2.580000e-06	4.210882e-09	1.598395e-09	2.305448e+01	4.145757e+02
2.590000e-06	4.258331e-09	1.613312e-09	2.331425e+01	4.184197e+02
2.600000e-06	4.305499e-09	1.627066e-09	2.357248e+01	4.221389e+02
2.610000e-06	4.352338e-09	1.640503e-09	2.382892e+01	4.257409e+02
2.620000e-06	4.398832e-09	1.653892e-09	2.408347e+01	4.292334e+02
2.630000e-06	4.444995e-09	1.666571e-09	2.433621e+01	4.326241e+02
2.640000e-06	4.490848e-09	1.678601e-09	2.458725e+01	4.359201e+02
2.650000e-06	4.536405e-09	1.690551e-09	2.483667e+01	4.391282e+02
2.660000e-06	4.581661e-09	1.702585e-09	2.508444e+01	4.422543e+02
2.670000e-06	4.626601e-09	1.714779e-09	2.533048e+01	4.453038e+02
2.680000e-06	4.671222e-09	1.726968e-09	2.557478e+01	4.482811e+02
2.690000e-06	4.715550e-09	1.738377e-09	2.581747e+01	4.511902e+02
2.700000e-06	4.759631e-09	1.748784e-09	2.605881e+01	4.540347e+02
2.710000e-06	4.803510e-09	1.758876e-09	2.629904e+01	4.568178e+02
2.720000e-06	4.847198e-09	1.768953e-09	2.653823e+01	4.595422e+02
2.730000e-06	4.890639e-09	1.779040e-09	2.677606e+01	4.622107e+02
2.740000e-06	4.933715e-09	1.789356e-09	2.701190e+01	4.648260e+02
2.750000e-06	4.976293e-09	1.799871e-09	2.724502e+01	4.673907e+02
2.760000e-06	5.018265e-09	1.810306e-09	2.747482e+01	4.699072e+02
2.770000e-06	5.059608e-09	1.820354e-09	2.770117e+01	4.723780e+02
2.780000e-06	5.100391e-09	1.829733e-09	2.792446e+01	4.748050e+02
2.790000e-06	5.140739e-09	1.838391e-09	2.814536e+01	4.771899e+02
2.800000e-06	5.180777e-09	1.846924e-09	2.836456e+01	4.795340e+02
2.810000e-06	5.220585e-09	1.855831e-09	2.858250e+01	4.818379e+02
2.820000e-06	5.260164e-09	1.864908e-09	2.879919e+01	4.841019e+02
2.830000e-06	5.299457e-09	1.873763e-09	2.901431e+01	4.863258e+02
2.840000e-06	5.338398e-09	1.882265e-09	2.922750e+01	4.885086e+02
2.850000e-06	5.376940e-09	1.890551e-09	2.943852e+01	4.906496e+02
2.860000e-06	5.415075e-09	1.898702e-09	2.964730e+01	4.927476e+02
2.870000e-06	5.452812e-09	1.906700e-09	2.985391e+01	4.948017e+02
2.880000e-06	5.490147e-09	1.914469e-09	3.005831e+01	4.968111e+02
2.890000e-06	5.527072e-09	1.922142e-09	3.026047e+01	4.987757e+02
2.900000e-06	5.563604e-09	1.930012e-09	3.046047e+01	5.006959e+02
2.910000e-06	5.599802e-09	1.938081e-09	3.065865e+01	5.025727e+02
2.920000e-06	5.635739e-09	1.945690e-09	3.085539e+01	5.044078e+02
2.930000e-06	5.671443e-09	1.952476e-09	3.105086e+01	5.062035e+02
2.940000e-06	5.706862e-09	1.959130e-09	3.124477e+01	5.079624e+02
2.950000e-06	5.741873e-09	1.966172e-09	3.143645e+01	5.096875e+02
2.960000e-06	5.776335e-09	1.973360e-09	3.162513e+01	5.113815e+02
2.970000e-06	5.810131e-09	1.980492e-09	3.181017e+01	5.130473e+02
2.980000e-06	5.843244e-09	1.987528e-09	3.199147e+01	5.146868e+02
2.990000e-06	5.875784e-09	1.994240e-09	3.216963e+01	5.163016e+02
3.000000e-06	5.907912e-09	2.000486e-09	3.234552e+01	5.178924e+02
3.010000e-06	5.939740e-09	2.006585e-09	3.251977e+01	5.194591e+02
3.020000e-06	5.971280e-09	2.012841e-09	3.269245e+01	5.210008e+02
3.030000e-06	6.002465e-09	2.018913e-09	3.286318e+01	5.225158e+02
3.040000e-06	6.033219e-09	2.024578e-09	3.303154e+01	5.240024e+02
3.050000e-06	6.063517e-09	2.030200e-09	3.319742e+01	5.254582e+02
3.060000e-06	6.093380e-09	2.035879e-09	3.336092e+01	5.268812e+02
3.070000e-06	6.122822e-09	2.041256e-09	3.352210e+01	5.282697e+02
3.080000e-06	6.151846e-09	2.046659e-09	3.368100e+01	5.296224e+02
3.090000e-06	6.180467e-09	2.052255e-09	3.383769e+01	5.309388e+02
3.100000e-06	6.208733e-09	2.057486e-09	3.399243e+01	5.322193e+02
3.110000e-06	6.236709e-09	2.062483e-09	3.414559e+01	5.334649e+02
3.120000e-06	6.264419e-09	2.067311e-09	3.429729e+01	5.346775e+02
3.130000e-06	6.291783e-09	2.071561e-09	3.444710e+01	5.358593e+02
3.140000e-06	6.318627e-09	2.075620e-09	3.459407e+01	5.370128e+02
3.150000e-06	6.344772e-09	2.080287e-09	3.473722e+01	5.381408e+02
3.160000e-06	6.370145e-09	2.085362e-09	3.487613e+01	5.392455e+02
3.170000e-06	6.394832e-09	2.090279e-09	3.501129e+01	5.403287e+02
3.180000e-06	6.419011e-09	2.094875e-09	3.514366e+01	5.413917e+02
3.190000e-06	6.442812e-09	2.098777e-09	3.527396e+01	5.424349e+02
3.200000e-06	6.466251e-09	2.101959e-09	3.540228e+01	5.434579e+02
3.210000e-06	6.489266e-09	2.105133e-09	3.552828e+01	5.444598e+02
3.220000e-06	6.511816e-09	2.108374e-09	3.565173e+01	5.454391e+02
3.230000e-06	6.533919e-09	2.111372e-09	3.577273e+01	5.463941e+02
3.240000e-06	6.555600e-09	2.114801e-09	3.589142e+01	5.473233e+02
3.250000e-06	6.576833e-09	2.119074e-09	3.600766e+01	5.482254e+02
3.260000e-06	6.597594e-09	2.123011e-09	3.612131e+01	5.490998e+02
3.270000e-06	6.617924e-09	2.126082e-09	3.623260e+01	5.499467e+02
3.280000e-06	6.637915e-09	2.128974e-09	3.634204e+01	5.507671e+02
3.290000e-06	6.657615e-09	2.131535e-09	3.644988e+01	5.515629e+02
3.300000e-06	6.676955e-09	2.133696e-09	3.655576e+01	5.523369e+02
3.310000e-06	6.695798e-09	2.136207e-09	3.665891e+01	5.530923e+02
3.320000e-06	6.714052e-09	2.139334e-09	3.675884e+01	5.538324e+02
3.330000e-06	6.731737e-09	2.142378e-09	3.685566e+01	5.545606e+02
3.340000e-06	6.748946e-09	2.145011e-09	3.694986e+01	5.552796e+02
3.350000e-06	6.765760e-09	2.147567e-09	3.704191e+01	5.559913e+02
3.360000e-06	6.782170e-09	2.149939e-09	3.713174e+01	5.566964e+02
3.370000e-06	6.798066e-09	2.152020e-09	3.721877e+01	5.573944e+02
3.380000e-06	6.813341e-09	2.154104e-09	3.730239e+01	5.580834e+02
3.390000e-06	6.827990e-09	2.156305e-09	3.738258e+01	5.587605e+02
3.400000e-06	6.842094e-09	2.158535e-09	3.745980e+01	5.594215e+02
3.410000e-06	6.855708e-09	2.160729e-09	3.753433e+01	5.600619e+02
3.420000e-06	6.868818e-09	2.163046e-09	3.760609e+01	5.606770e+02
3.430000e-06	6.881412e-09	2.165456e-09	3.767504e+01	5.612624e+02
3.440000e-06	6.893532e-09	2.167595e-09	3.774138e+01	5.618146e+02
3.450000e-06	6.905197e-09	2.169189e-09	3.780524e+01	5.623311e+02
3.460000e-06	6.916322e-09	2.170588e-09	3.786615e+01	5.628112e+02
3.470000e-06	6.926748e-09	2.172174e-09	3.792323e+01	5.632555e+02
3.480000e-06	6.936371e-09	2.173637e-09	3.797591e+01	5.636665e+02
3.490000e-06	6.945245e-09	2.174831e-09	3.802450e+01	5.640480e+02
3.500000e-06	6.953559e-09	2.176079e-09	3.807000e+01	5.644047e+02
3.510000e-06	6.961488e-09	2.177542e-09	3.811340e+01	5.647419e+02
3.520000e-06	6.969077e-09	2.179139e-09	3.815495e+01	5.650652e+02
3.530000e-06	6.976249e-09	2.180766e-09	3.819421e+01	5.653791e+02
3.540000e-06	6.982921e-09	2.181936e-09	3.823073e+01	5.656875e+02
3.550000e-06	6.989082e-09	2.182571e-09	3.826445e+01	5.659923e+02
3.560000e-06	6.994743e-09	2.183088e-09	3.829543e+01	5.662939e+02
3.570000e-06	6.999891e-09	2.183760e-09	3.832362e+01	5.665906e+02
3.580000e-06	7.004532e-09	2.184680e-09	3.834902e+01	5.668790e+02
3.590000e-06	7.008748e-09	2.185714e-09	3.837209e+01	5.671542e+02
3.600000e-06	7.012639e-09	2.186573e-09	3.839338e+01	5.674103e+02
3.610000e-06	7.016202e-09	2.187258e-09	3.841288e+01	5.676413e+02
3.620000e-06	7.019306e-09	2.188055e-09	3.842987e+01	5.678411e+02
3.630000e-06	7.021763e-09	2.188779e-09	3.844332e+01	5.680052e+02
3.640000e-06	7.023452e-09	2.189027e-09	3.845257e+01	5.681305e+02
3.650000e-06	7.024400e-09	2.188982e-09	3.845776e+01	5.682163e+02
3.660000e-06	7.024771e-09	2.189044e-09	3.845978e+01	5.682640e+02
3.670000e-06	7.024733e-09	2.189204e-09	3.845957e+01	5.682781e+02
3.680000e-06	7.024344e-09	2.189307e-09	3.845743e+01	5.682648e+02
3.690000e-06	7.023538e-09	2.189318e-09	3.845301e+01	5.682326e+02
3.700000e-06	7.022246e-09	2.189340e-09	3.844593e+01	5.681908e+02
3.710000e-06	7.020478e-09	2.189455e-09	3.843624e+01	5.681495e+02
3.720000e-06	7.018277e-09	2.189840e-09	3.842419e+01	5.681178e+02
3.730000e-06	7.015640e-09	2.190857e-09	3.840975e+01	5.681036e+02
3.740000e-06	7.012535e-09	2.192625e-09	3.839274e+01	5.681127e+02
3.750000e-06	7.008957e-09	2.192422e-09	3.837315e+01	5.681479e+02
3.760000e-06	7.004839e-09	2.187054e-09	3.835060e+01	5.682088e+02
3.770000e-06	6.999952e-09	2.185102e-09	3.832383e+01	5.682919e+02
3.780000e-06	6.994196e-09	2.194245e-09	3.829232e+01	5.683907e+02
3.790000e-06	6.987940e-09	2.196801e-09	3.825808e+01	5.684959e+02
3.800000e-06	6.981555e-09	2.183397e-09	3.822314e+01	5.685968e+02
3.810000e-06	6.974857e-09	2.175913e-09	3.818647e+01	5.686818e+02
3.820000e-06	6.967506e-09	2.185676e-09	3.814622e+01	5.687395e+02
3.830000e-06	6.959569e-09	2.190642e-09	3.810276e+01	5.687599e+02
3.840000e-06	6.951294e-09	2.178599e-09	3.805744e+01	5.687353e+02
3.850000e-06	6.942645e-09	2.172080e-09	3.801008e+01	5.686608e+02
3.860000e-06	6.933408e-09	2.181800e-09	3.795949e+01	5.685353e+02
3.870000e-06	6.923605e-09	2.185460e-09	3.790581e+01	5.683612e+02
3.880000e-06	6.913426e-09	2.174666e-09	3.785007e+01	5.681444e+02
3.890000e-06	6.902841e-09	2.173892e-09	3.779211e+01	5.678939e+02
3.900000e-06	6.891677e-09	2.186619e-09	3.773097e+01	5.676209e+02
3.910000e-06	6.879944e-09	2.184211e-09	3.766673e+01	5.673379e+02
3.920000e-06	6.867697e-09	2.166967e-09	3.759968e+01	5.670575e+02
3.930000e-06	6.854767e-09	2.167789e-09	3.752889e+01	5.667913e+02
3.940000e-06	6.841009e-09	2.185081e-09	3.745356e+01	5.665488e+02
3.950000e-06	6.826547e-09	2.185666e-09	3.737440e+01	5.663367e+02
3.960000e-06	6.811523e-09	2.173526e-09	3.729216e+01	5.661580e+02
3.970000e-06	6.795949e-09	2.172911e-09	3.720689e+01	5.660117e+02
3.980000e-06	6.779923e-09	2.172329e-09	3.711915e+01	5.658933e+02
3.990000e-06	6.763551e-09	2.163511e-09	3.702950e+01	5.657946e+02
4.000000e-06	6.746747e-09	2.168766e-09	3.693749e+01	5.657046e+02
4.010000e-06	6.729411e-09	2.185718e-09	3.684257e+01	5.656106e+02
4.020000e-06	6.711599e-09	2.184854e-09	3.674504e+01	5.654990e+02
4.030000e-06	6.693361e-09	2.169686e-09	3.664519e+01	5.653565e+02
4.040000e-06	6.674653e-09	2.165589e-09	3.654276e+01	5.651711e+02
4.050000e-06	6.655469e-09	2.164820e-09	3.643771e+01	5.649334e+02
4.060000e-06	6.635878e-09	2.156451e-09	3.633045e+01	5.646366e+02
4.070000e-06	6.615933e-09	2.159525e-09	3.622124e+01	5.642777e+02
4.080000e-06	6.595645e-09	2.174061e-09	3.611016e+01	5.638570e+02
4.090000e-06	6.574966e-09	2.175693e-09	3.599694e+01	5.633779e+02
4.100000e-06	6.553732e-09	2.169962e-09	3.588069e+01	5.628468e+02
4.110000e-06	6.531755e-09	2.172221e-09	3.576038e+01	5.622722e+02
4.120000e-06	6.509014e-09	2.167990e-09	3.563588e+01	5.616633e+02
4.130000e-06	6.485640e-09	2.154397e-09	3.550790e+01	5.610300e+02
4.140000e-06	6.461811e-09	2.151784e-09	3.537743e+01	5.603812e+02
4.150000e-06	6.437660e-09	2.154705e-09	3.524520e+01	5.597240e+02
4.160000e-06	6.413170e-09	2.148426e-09	3.511111e+01	5.590639e+02
4.170000e-06	6.388248e-09	2.144532e-09	3.497466e+01	5.584034e+02
4.180000e-06	6.362864e-09	2.146506e-09	3.483568e+01	5.577426e+02
4.190000e-06	6.337037e-09	2.142472e-09	3.469429e+01	5.570791e+02
4.200000e-06	6.310750e-09	2.137483e-09	3.455036e+01	5.564082e+02
4.210000e-06	6.283965e-09	2.136614e-09	3.440371e+01	5.557242e+02
4.220000e-06	6.256689e-09	2.131844e-09	3.425437e+01	5.550202e+02
4.230000e-06	6.229002e-09	2.126010e-09	3.410277e+01	5.542897e+02
4.240000e-06	6.201019e-09	2.125878e-09	3.394955e+01	5.535265e+02
4.250000e-06	6.172774e-09	2.125156e-09	3.379491e+01	5.527262e+02
4.260000e-06	6.144189e-09	2.120513e-09	3.363840e+01	5.518860e+02
4.270000e-06	6.115118e-09	2.116649e-09	3.347925e+01	5.510051e+02
4.280000e-06	6.085427e-09	2.112614e-09	3.331671e+01	5.500849e+02
4.290000e-06	6.055033e-09	2.107601e-09	3.315030e+01	5.491285e+02
4.300000e-06	6.023969e-09	2.104677e-09	3.298023e+01	5.481405e+02
4.310000e-06	5.992381e-09	2.101848e-09	3.280729e+01	5.471266e+02
4.320000e-06	5.960410e-09	2.096863e-09	3.263225e+01	5.460924e+02
4.330000e-06	5.928116e-09	2.093252e-09	3.245543e+01	5.450436e+02
4.340000e-06	5.895469e-09	2.090971e-09	3.227669e+01	5.439846e+02
4.350000e-06	5.862401e-09	2.086720e-09	3.209564e+01	5.429185e+02
4.360000e-06	5.828891e-09	2.081502e-09	3.191217e+01	5.418469e+02
4.370000e-06	5.794983e-09	2.076708e-09	3.172653e+01	5.407693e+02
4.380000e-06	5.760715e-09	2.071976e-09	3.153891e+01	5.396836e+02
4.390000e-06	5.726077e-09	2.068376e-09	3.134927e+01	5.385863e+02
4.400000e-06	5.691029e-09	2.065490e-09	3.115740e+01	5.374727e+02
4.410000e-06	5.655578e-09	2.060628e-09	3.096330e+01	5.363378e+02
4.420000e-06	5.619795e-09	2.054533e-09	3.076738e+01	5.351764e+02
4.430000e-06	5.583752e-09	2.049418e-09	3.057004e+01	5.339841e+02
4.440000e-06	5.547452e-09	2.044639e-09	3.037129e+01	5.327573e+02
4.450000e-06	5.510816e-09	2.039586e-09	3.017071e+01	5.314942e+02
4.460000e-06	5.473692e-09	2.035048e-09	2.996747e+01	5.301944e+02
4.470000e-06	5.435933e-09	2.030415e-09	2.976075e+01	5.288590e+02
4.480000e-06	5.397497e-09	2.025017e-09	2.955032e+01	5.274908e+02
4.490000e-06	5.358469e-09	2.019636e-09	2.933665e+01	5.260938e+02
4.500000e-06	5.318979e-09	2.013821e-09	2.912045e+01	5.246725e+02
4.510000e-06	5.279142e-09	2.006749e-09	2.890234e+01	5.232319e+02
4.520000e-06	5.239035e-09	1.999753e-09	2.868275e+01	5.217765e+02
4.530000e-06	5.198677e-09	1.994226e-09	2.846179e+01	5.203102e+02
4.540000e-06	5.158034e-09	1.989730e-09	2.823927e+01	5.188357e+02
4.550000e-06	5.117055e-09	1.984886e-09	2.801491e+01	5.173543e+02
4.560000e-06	5.075700e-09	1.979285e-09	2.778849e+01	5.158658e+02
4.570000e-06	5.033976e-09	1.973270e-09	2.756005e+01	5.143683e+02
4.580000e-06	4.991914e-09	1.966654e-09	2.732976e+01	5.128587e+02
4.590000e-06	4.949516e-09	1.959486e-09	2.709763e+01	5.113331e+02
4.600000e-06	4.906747e-09	1.952627e-09	2.686347e+01	5.097866e+02
4.610000e-06	4.863579e-09	1.946148e-09	2.662713e+01	5.082145e+02
4.620000e-06	4.820059e-09	1.940036e-09	2.638885e+01	5.066121e+02
4.630000e-06	4.776271e-09	1.934706e-09	2.614911e+01	5.049757e+02
4.640000e-06	4.732254e-09	1.929549e-09	2.590811e+01	5.033024e+02
4.650000e-06	4.688012e-09	1.923427e-09	2.566588e+01	5.015905e+02
4.660000e-06	4.643522e-09	1.916112e-09	2.542229e+01	4.998398e+02
4.670000e-06	4.598752e-09	1.908300e-09	2.517717e+01	4.980509e+02
4.680000e-06	4.553681e-09	1.900766e-09	2.493041e+01	4.962258e+02
4.690000e-06	4.508282e-09	1.893648e-09	2.468185e+01	4.943670e+02
4.700000e-06	4.462504e-09	1.886462e-09	2.443122e+01	4.924773e+02
4.710000e-06	4.416328e-09	1.879277e-09	2.417840e+01	4.905597e+02
4.720000e-06	4.369799e-09	1.872416e-09	2.392365e+01	4.886168e+02
4.730000e-06	4.322980e-09	1.865216e-09	2.366731e+01	4.866503e+02
4.740000e-06	4.275900e-09	1.857076e-09	2.340954e+01	4.846614e+02
4.750000e-06	4.228551e-09	1.848458e-09	2.315031e+01	4.826500e+02
4.760000e-06	4.180897e-09	1.840012e-09	2.288940e+01	4.806154e+02
4.770000e-06	4.132902e-09	1.831849e-09	2.262663e+01	4.785560e+02
4.780000e-06	4.084546e-09	1.823971e-09	2.236188e+01	4.764693e+02
4.790000e-06	4.035820e-09	1.816360e-09	2.209511e+01	4.743528e+02
4.800000e-06	3.986725e-09	1.808227e-09	2.182632e+01	4.722040e+02
4.810000e-06	3.937281e-09	1.799457e-09	2.155562e+01	4.700204e+02
4.820000e-06	3.887529e-09	1.790759e-09	2.128323e+01	4.678001e+02
4.830000e-06	3.837497e-09	1.782038e-09	2.100930e+01	4.655422e+02
4.840000e-06	3.787185e-09	1.772885e-09	2.073384e+01	4.632462e+02
4.850000e-06	3.736578e-09	1.763586e-09	2.045676e+01	4.609127e+02
4.860000e-06	3.685663e-09	1.754518e-09	2.017800e+01	4.585430e+02
4.870000e-06	3.634444e-09	1.745407e-09	1.989757e+01	4.561387e+02
4.880000e-06	3.582939e-09	1.735793e-09	1.961557e+01	4.537019e+02
4.890000e-06	3.531181e-09	1.725760e-09	1.933220e+01	4.512348e+02
4.900000e-06	3.479198e-09	1.715824e-09	1.904758e+01	4.487393e+02
4.910000e-06	3.426992e-09	1.706527e-09	1.876175e+01	4.462166e+02
4.920000e-06	3.374551e-09	1.697629e-09	1.847464e+01	4.436676e+02
4.930000e-06	3.321852e-09	1.688464e-09	1.818612e+01	4.410920e+02
4.940000e-06	3.268862e-09	1.678747e-09	1.789600e+01	4.384889e+02
4.950000e-06	3.215545e-09	1.668396e-09	1.760409e+01	4.358565e+02
4.960000e-06	3.161875e-09	1.657700e-09	1.731025e+01	4.331925e+02
4.970000e-06	3.107837e-09	1.647106e-09	1.701440e+01	4.304939e+02
4.980000e-06	3.053424e-09	1.636727e-09	1.671649e+01	4.277575e+02
4.990000e-06	2.998645e-09	1.626182e-09	1.641658e+01	4.249801e+02
5.000000e-06	2.943532e-09	1.615502e-09	1.611484e+01	4.221589e+02
5.010000e-06	2.888130e-09	1.604926e-09	1.581151e+01	4.192913e+02
5.020000e-06	2.832494e-09	1.594088e-09	1.550691e+01	4.163752e+02
5.030000e-06	2.776675e-09	1.582738e-09	1.520129e+01	4.134093e+02
5.040000e-06	2.720713e-09	1.570887e-09	1.489490e+01	4.103925e+02
5.050000e-06	2.664630e-09	1.558751e-09	1.458784e+01	4.073246e+02
5.060000e-06	2.608434e-09	1.546827e-09	1.428017e+01	4.042053e+02
5.070000e-06	2.552124e-09	1.535157e-09	1.397187e+01	4.010347e+02
5.080000e-06	2.495694e-09	1.523218e-09	1.366291e+01	3.978125e+02
5.090000e-06	2.439128e-09	1.510571e-09	1.335321e+01	3.945384e+02
5.100000e-06	2.382413e-09	1.497590e-09	1.304270e+01	3.912113e+02
5.110000e-06	2.325540e-09	1.484655e-09	1.273132e+01	3.878297e+02
5.120000e-06	2.268498e-09	1.471394e-09	1.241902e+01	3.843914e+02
5.130000e-06	2.211281e-09	1.457851e-09	1.210576e+01	3.808933e+02
5.140000e-06	2.153887e-09	1.444241e-09	1.179153e+01	3.773321e+02
5.150000e-06	2.096317e-09	1.430149e-09	1.147633e+01	3.737038e+02
5.160000e-06	2.038579e-09	1.415476e-09	1.116021e+01	3.700040e+02
5.170000e-06	1.980688e-09	1.400501e-09	1.084326e+01	3.662285e+02
5.180000e-06	1.922664e-09	1.385151e-09	1.052558e+01	3.623731e+02
5.190000e-06	1.864517e-09	1.369508e-09	1.020723e+01	3.584339e+02
5.200000e-06	1.806247e-09	1.353650e-09	9.888202e+00	3.544074e+02
5.210000e-06	1.747862e-09	1.337475e-09	9.568546e+00	3.502910e+02
5.220000e-06	1.689365e-09	1.321410e-09	9.248276e+00	3.460823e+02
5.230000e-06	1.630749e-09	1.305387e-09	8.927357e+00	3.417798e+02
5.240000e-06	1.572011e-09	1.288728e-09	8.605772e+00	3.373823e+02
5.250000e-06	1.513150e-09	1.271501e-09	8.283516e+00	3.328892e+02
5.260000e-06	1.454169e-09	1.254093e-09	7.960597e+00	3.283002e+02
5.270000e-06	1.395073e-09	1.236195e-09	7.637046e+00	3.236148e+02
5.280000e-06	1.335862e-09	1.217449e-09	7.312864e+00	3.188327e+02
5.290000e-06	1.276542e-09	1.198075e-09	6.988084e+00	3.139534e+02
5.300000e-06	1.217130e-09	1.178511e-09	6.662805e+00	3.089759e+02
5.310000e-06	1.157639e-09	1.159072e-09	6.337089e+00	3.038989e+02
5.320000e-06	1.098081e-09	1.139670e-09	6.011005e+00	2.987204e+02
5.330000e-06	1.038467e-09	1.119909e-09	5.684622e+00	2.934382e+02
5.340000e-06	9.788033e-10	1.099704e-09	5.357964e+00	2.880492e+02
5.350000e-06	9.190914e-10	1.079193e-09	5.031039e+00	2.825500e+02
5.360000e-06	8.593344e-10	1.058187e-09	4.703863e+00	2.769369e+02
5.370000e-06	7.995333e-10	1.036198e-09	4.376449e+00	2.712053e+02
5.380000e-06	7.396903e-10	1.013397e-09	4.048806e+00	2.653505e+02
5.390000e-06	6.798129e-10	9.905361e-10	3.720974e+00	2.593675e+02
5.400000e-06	6.199036e-10	9.677086e-10	3.392967e+00	2.532507e+02
5.410000e-06	5.599605e-10	9.445243e-10	3.064774e+00	2.469945e+02
5.420000e-06	4.999895e-10	9.207274e-10	2.736428e+00	2.405928e+02
5.430000e-06	4.399950e-10	8.962360e-10	2.407956e+00	2.340395e+02
5.440000e-06	3.799790e-10	8.709959e-10	2.079366e+00	2.273285e+02
5.450000e-06	3.199499e-10	8.447116e-10	1.750705e+00	2.204538e+02
5.460000e-06	2.599166e-10	8.173954e-10	1.422022e+00	2.134097e+02
5.470000e-06	1.998840e-10	7.896226e-10	1.093344e+00	2.061913e+02
5.480000e-06	1.398578e-10	7.614884e-10	7.647012e-01	1.987944e+02
5.490000e-06	7.983544e-11	7.327250e-10	4.360770e-01	1.912159e+02
5.500000e-06	1.981237e-11	7.030335e-10	1.074487e-01	1.834546e+02
5.510000e-06	-4.021175e-11	6.723143e-10	-2.211855e-01	1.755106e+02
5.520000e-06	-1.002367e-10	6.408009e-10	-5.498244e-01	1.673864e+02
5.530000e-06	-1.602608e-10	6.088405e-10	-8.784573e-01	1.590864e+02
5.540000e-06	-2.202827e-10	5.765985e-10	-1.207081e+00	1.506173e+02
5.550000e-06	-2.803013e-10	5.438432e-10	-1.535689e+00	1.419880e+02
5.560000e-06	-3.403140e-10	5.105356e-10	-1.864262e+00	1.332094e+02
5.570000e-06	-4.003142e-10	4.769066e-10	-2.192769e+00	1.242939e+02
5.580000e-06	-4.602957e-10	4.429992e-10	-2.521174e+00	1.152556e+02
5.590000e-06	-5.202520e-10	4.085878e-10	-2.849436e+00	1.061089e+02
5.600000e-06	-5.801764e-10	3.735136e-10	-3.177517e+00	9.686898e+01
5.610000e-06	-6.400640e-10	3.380780e-10	-3.505398e+00	8.755034e+01
5.620000e-06	-6.999120e-10	3.025848e-10	-3.833067e+00	7.816692e+01
5.630000e-06	-7.597196e-10	2.668772e-10	-4.160514e+00	6.873133e+01
5.640000e-06	-8.194849e-10	2.309308e-10	-4.487727e+00	5.925458e+01
5.650000e-06	-8.792055e-10	1.948152e-10	-4.814698e+00	4.974582e+01
5.660000e-06	-9.388810e-10	1.583752e-10	-5.141419e+00	4.021222e+01
5.670000e-06	-9.985075e-10	1.215340e-10	-5.467872e+00	3.065910e+01
5.680000e-06	-1.058074e-09	8.457494e-11	-5.794000e+00	2.109004e+01
5.690000e-06	-1.117572e-09	4.758855e-11	-6.119751e+00	1.150723e+01
5.700000e-06	-1.176997e-09	1.047912e-11	-6.445098e+00	1.911892e+00
5.710000e-06	-1.236341e-09	-2.614797e-11	-6.769998e+00	-7.695284e+00
5.720000e-06	-1.295593e-09	-6.197232e-11	-7.094397e+00	-1.731365e+01
5.730000e-06	-1.354744e-09	-9.772463e-11	-7.418249e+00	-2.694216e+01
5.740000e-06	-1.413783e-09	-1.342387e-10	-7.741485e+00	-3.657896e+01
5.750000e-06	-1.472699e-09	-1.715554e-10	-8.064046e+00	-4.622114e+01
5.760000e-06	-1.531493e-09	-2.091975e-10	-8.385937e+00	-5.586452e+01
5.770000e-06	-1.590162e-09	-2.466308e-10	-8.707142e+00	-6.550361e+01
5.780000e-06	-1.648707e-09	-2.835984e-10	-9.027667e+00	-7.513171e+01
5.790000e-06	-1.707133e-09	-3.201825e-10	-9.347551e+00	-8.474104e+01
5.800000e-06	-1.765445e-09	-3.563765e-10	-9.666803e+00	-9.432306e+01
5.810000e-06	-1.823638e-09	-3.919759e-10	-9.985409e+00	-1.038687e+02
5.820000e-06	-1.881710e-09	-4.274311e-10	-1.030335e+01	-1.133688e+02
5.830000e-06	-1.939650e-09	-4.637249e-10	-1.062056e+01	-1.228145e+02
5.840000e-06	-1.997442e-09	-5.008959e-10	-1.093697e+01	-1.321970e+02
5.850000e-06	-2.055077e-09	-5.381068e-10	-1.125251e+01	-1.415087e+02
5.860000e-06	-2.112542e-09	-5.746965e-10	-1.156713e+01	-1.507423e+02
5.870000e-06	-2.169829e-09	-6.102004e-10	-1.188076e+01	-1.598915e+02
5.880000e-06	-2.226930e-09	-6.445013e-10	-1.219339e+01	-1.689508e+02
5.890000e-06	-2.283850e-09	-6.781616e-10	-1.250502e+01	-1.779153e+02
5.900000e-06	-2.340598e-09	-7.117277e-10	-1.281570e+01	-1.867805e+02
5.910000e-06	-2.397189e-09	-7.451936e-10	-1.312553e+01	-1.955422e+02
5.920000e-06	-2.453640e-09	-7.784633e-10	-1.343460e+01	-2.041962e+02
5.930000e-06	-2.509964e-09	-8.118173e-10	-1.374297e+01	-2.127384e+02
5.940000e-06	-2.566175e-09	-8.454057e-10	-1.405073e+01	-2.211645e+02
5.950000e-06	-2.622281e-09	-8.783906e-10	-1.435791e+01	-2.294699e+02
5.960000e-06	-2.678277e-09	-9.101068e-10	-1.466448e+01	-2.376500e+02
5.970000e-06	-2.734147e-09	-9.410748e-10	-1.497037e+01	-2.457002e+02
5.980000e-06	-2.789860e-09	-9.716145e-10	-1.527540e+01	-2.536158e+02
5.990000e-06	-2.845372e-09	-1.001472e-09	-1.557932e+01	-2.613928e+02
6.000000e-06	-2.900635e-09	-1.030832e-09	-1.588187e+01	-2.690274e+02
6.010000e-06	-2.955595e-09	-1.059664e-09	-1.618276e+01	-2.765168e+02
6.020000e-06	-3.010207e-09	-1.087887e-09	-1.648173e+01	-2.838589e+02
6.030000e-06	-3.064446e-09	-1.116126e-09	-1.677866e+01	-2.910526e+02
6.040000e-06	-3.118303e-09	-1.144197e-09	-1.707349e+01	-2.980978e+02
6.050000e-06	-3.171784e-09	-1.171281e-09	-1.736628e+01	-3.049951e+02
6.060000e-06	-3.224922e-09	-1.197044e-09	-1.765720e+01	-3.117459e+02
6.070000e-06	-3.277758e-09	-1.221738e-09	-1.794646e+01	-3.183521e+02
6.080000e-06	-3.330326e-09	-1.245916e-09	-1.823427e+01	-3.248156e+02
6.090000e-06	-3.382663e-09	-1.270007e-09	-1.852081e+01	-3.311384e+02
6.100000e-06	-3.434785e-09	-1.293791e-09	-1.880618e+01	-3.373220e+02
6.110000e-06	-3.486686e-09	-1.317047e-09	-1.909034e+01	-3.433674e+02
6.120000e-06	-3.538352e-09	-1.340002e-09	-1.937321e+01	-3.492749e+02
6.130000e-06	-3.589760e-09	-1.362781e-09	-1.965466e+01	-3.550438e+02
6.140000e-06	-3.640884e-09	-1.384953e-09	-1.993456e+01	-3.606728e+02
6.150000e-06	-3.691717e-09	-1.405790e-09	-2.021286e+01	-3.661598e+02
6.160000e-06	-3.742263e-09	-1.425303e-09	-2.048960e+01	-3.715025e+02
6.170000e-06	-3.792526e-09	-1.444471e-09	-2.076478e+01	-3.766983e+02
6.180000e-06	-3.842489e-09	-1.463680e-09	-2.103833e+01	-3.817446e+02
6.190000e-06	-3.892118e-09	-1.482430e-09	-2.131004e+01	-3.866397e+02
6.200000e-06	-3.941373e-09	-1.500700e-09	-2.157968e+01	-3.913822e+02
6.210000e-06	-3.990213e-09	-1.518721e-09	-2.184707e+01	-3.959723e+02
6.220000e-06	-4.038625e-09	-1.536351e-09	-2.211211e+01	-4.004110e+02
6.230000e-06	-4.086617e-09	-1.553389e-09	-2.237485e+01	-4.047010e+02
6.240000e-06	-4.134222e-09	-1.569609e-09	-2.263548e+01	-4.088462e+02
6.250000e-06	-4.181491e-09	-1.584788e-09	-2.289427e+01	-4.128517e+02
6.260000e-06	-4.228475e-09	-1.599360e-09	-2.315149e+01	-4.167237e+02
6.270000e-06	-4.275213e-09	-1.613853e-09	-2.340738e+01	-4.204693e+02
6.280000e-06	-4.321722e-09	-1.628327e-09	-2.366202e+01	-4.240959e+02
6.290000e-06	-4.367998e-09	-1.642454e-09	-2.391538e+01	-4.276115e+02
6.300000e-06	-4.414011e-09	-1.656037e-09	-2.416729e+01	-4.310235e+02
6.310000e-06	-4.459721e-09	-1.669257e-09	-2.441754e+01	-4.343394e+02
6.320000e-06	-4.505092e-09	-1.682041e-09	-2.466594e+01	-4.375659e+02
6.330000e-06	-4.550109e-09	-1.693828e-09	-2.491240e+01	-4.407092e+02
6.340000e-06	-4.594802e-09	-1.704641e-09	-2.515709e+01	-4.437747e+02
6.350000e-06	-4.639227e-09	-1.715316e-09	-2.540032e+01	-4.467672e+02
6.360000e-06	-4.683438e-09	-1.726350e-09	-2.564238e+01	-4.496908e+02
6.370000e-06	-4.727462e-09	-1.737547e-09	-2.588341e+01	-4.525490e+02
6.380000e-06	-4.771280e-09	-1.748575e-09	-2.612332e+01	-4.553450e+02
6.390000e-06	-4.814837e-09	-1.759308e-09	-2.636179e+01	-4.580818e+02
6.400000e-06	-4.858064e-09	-1.769724e-09	-2.659845e+01	-4.607622e+02
6.410000e-06	-4.900929e-09	-1.779790e-09	-2.683313e+01	-4.633888e+02
6.420000e-06	-4.943437e-09	-1.789241e-09	-2.706586e+01	-4.659643e+02
6.430000e-06	-4.985606e-09	-1.798191e-09	-2.729673e+01	-4.684910e+02
6.440000e-06	-5.027438e-09	-1.807235e-09	-2.752576e+01	-4.709715e+02
6.450000e-06	-5.068910e-09	-1.816711e-09	-2.775281e+01	-4.734078e+02
6.460000e-06	-5.110000e-09	-1.826736e-09	-2.797777e+01	-4.758017e+02
6.470000e-06	-5.150725e-09	-1.836660e-09	-2.820074e+01	-4.781545e+02
6.480000e-06	-5.191138e-09	-1.845459e-09	-2.842200e+01	-4.804671e+02
6.490000e-06	-5.231302e-09	-1.853606e-09	-2.864190e+01	-4.827397e+02
6.500000e-06	-5.271238e-09	-1.861941e-09	-2.886056e+01	-4.849723e+02
6.510000e-06	-5.310900e-09	-1.870257e-09	-2.907770e+01	-4.871640e+02
6.520000e-06	-5.350183e-09	-1.878166e-09	-2.929276e+01	-4.893141e+02
6.530000e-06	-5.388959e-09	-1.885880e-09	-2.950504e+01	-4.914215e+02
6.540000e-06	-5.427124e-09	-1.893783e-09	-2.971397e+01	-4.934851e+02
6.550000e-06	-5.464651e-09	-1.901795e-09	-2.991941e+01	-4.955042e+02
6.560000e-06	-5.501605e-09	-1.909530e-09	-3.012173e+01	-4.974785e+02
6.570000e-06	-5.538115e-09	-1.916722e-09	-3.032162e+01	-4.994083e+02
6.580000e-06	-5.574312e-09	-1.923406e-09	-3.051980e+01	-5.012944e+02
6.590000e-06	-5.610249e-09	-1.929945e-09	-3.071655e+01	-5.031384e+02
6.600000e-06	-5.645895e-09	-1.936989e-09	-3.091171e+01	-5.049424e+02
6.610000e-06	-5.681176e-09	-1.944382e-09	-3.110488e+01	-5.067090e+02
6.620000e-06	-5.716041e-09	-1.951137e-09	-3.129575e+01	-5.084412e+02
6.630000e-06	-5.750487e-09	-1.957236e-09	-3.148434e+01	-5.101417e+02
6.640000e-06	-5.784527e-09	-1.963182e-09	-3.167070e+01	-5.118134e+02
6.650000e-06	-5.818146e-09	-1.969064e-09	-3.185475e+01	-5.134585e+02
6.660000e-06	-5.851325e-09	-1.975165e-09	-3.203640e+01	-5.150785e+02
6.670000e-06	-5.884083e-09	-1.981515e-09	-3.221574e+01	-5.166745e+02
6.680000e-06	-5.916485e-09	-1.987493e-09	-3.239314e+01	-5.182464e+02
6.690000e-06	-5.948584e-09	-1.993025e-09	-3.256888e+01	-5.197935e+02
6.700000e-06	-5.980352e-09	-1.998724e-09	-3.274280e+01	-5.213145e+02
6.710000e-06	-6.011680e-09	-2.004440e-09	-3.291430e+01	-5.228073e+02
6.720000e-06	-6.042426e-09	-2.009690e-09	-3.308261e+01	-5.242700e+02
6.730000e-06	-6.072495e-09	-2.014867e-09	-3.324721e+01	-5.257002e+02
6.740000e-06	-6.101889e-09	-2.020264e-09	-3.340811e+01	-5.270963e+02
6.750000e-06	-6.130715e-09	-2.025521e-09	-3.356592e+01	-5.284568e+02
6.760000e-06	-6.159135e-09	-2.030898e-09	-3.372151e+01	-5.297811e+02
6.770000e-06	-6.187263e-09	-2.036244e-09	-3.387551e+01	-5.310693e+02
6.780000e-06	-6.215105e-09	-2.040682e-09	-3.402795e+01	-5.323224e+02
6.790000e-06	-6.242581e-09	-2.044707e-09	-3.417836e+01	-5.335419e+02
6.800000e-06	-6.269606e-09	-2.049200e-09	-3.432631e+01	-5.347302e+02
6.810000e-06	-6.296157e-09	-2.053644e-09	-3.447166e+01	-5.358896e+02
6.820000e-06	-6.322240e-09	-2.057434e-09	-3.461445e+01	-5.370230e+02
6.830000e-06	-6.347843e-09	-2.061333e-09	-3.475461e+01	-5.381325e+02
6.840000e-06	-6.372958e-09	-2.065940e-09	-3.489210e+01	-5.392203e+02
6.850000e-06	-6.397633e-09	-2.070548e-09	-3.502718e+01	-5.402876e+02
6.860000e-06	-6.421966e-09	-2.074584e-09	-3.516040e+01	-5.413351e+02
6.870000e-06	-6.446019e-09	-2.078132e-09	-3.529208e+01	-5.423625e+02
6.880000e-06	-6.469742e-09	-2.081311e-09	-3.542195e+01	-5.433691e+02
6.890000e-06	-6.492990e-09	-2.084527e-09	-3.554922e+01	-5.443534e+02
6.900000e-06	-6.515603e-09	-2.088114e-09	-3.567299e+01	-5.453138e+02
6.910000e-06	-6.537494e-09	-2.091891e-09	-3.579280e+01	-5.462487e+02
6.920000e-06	-6.558688e-09	-2.095591e-09	-3.590882e+01	-5.471568e+02
6.930000e-06	-6.579331e-09	-2.099062e-09	-3.602182e+01	-5.480372e+02
6.940000e-06	-6.599593e-09	-2.102410e-09	-3.613276e+01	-5.488900e+02
6.950000e-06	-6.619546e-09	-2.105664e-09	-3.624199e+01	-5.497160e+02
6.960000e-06	-6.639131e-09	-2.108581e-09	-3.634921e+01	-5.505170e+02
6.970000e-06	-6.658257e-09	-2.111268e-09	-3.645390e+01	-5.512955e+02
6.980000e-06	-6.676902e-09	-2.114273e-09	-3.655597e+01	-5.520547e+02
6.990000e-06	-6.695106e-09	-2.117813e-09	-3.665562e+01	-5.527979e+02
7.000000e-06	-6.712873e-09	-2.121353e-09	-3.675289e+01	-5.535285e+02
7.010000e-06	-6.730168e-09	-2.124383e-09	-3.684756e+01	-5.542493e+02
7.020000e-06	-6.746991e-09	-2.126955e-09	-3.693966e+01	-5.549625e+02
7.030000e-06	-6.763423e-09	-2.129404e-09	-3.702962e+01	-5.556690e+02
7.040000e-06	-6.779534e-09	-2.131931e-09	-3.711782e+01	-5.563686e+02
7.050000e-06	-6.795262e-09	-2.134536e-09	-3.720392e+01	-5.570598e+02
7.060000e-06	-6.810406e-09	-2.137159e-09	-3.728680e+01	-5.577397e+02
7.070000e-06	-6.824767e-09	-2.139824e-09	-3.736539e+01	-5.584045e+02
7.080000e-06	-6.838323e-09	-2.142676e-09	-3.743958e+01	-5.590498e+02
7.090000e-06	-6.851207e-09	-2.145507e-09	-3.751011e+01	-5.596707e+02
7.100000e-06	-6.863564e-09	-2.147728e-09	-3.757775e+01	-5.602629e+02
7.110000e-06	-6.875448e-09	-2.149089e-09	-3.764280e+01	-5.608225e+02
7.120000e-06	-6.886834e-09	-2.150245e-09	-3.770512e+01	-5.613468e+02
7.130000e-06	-6.897701e-09	-2.152080e-09	-3.776460e+01	-5.618348e+02
7.140000e-06	-6.908088e-09	-2.154618e-09	-3.782146e+01	-5.622868e+02
7.150000e-06	-6.918023e-09	-2.157338e-09	-3.787584e+01	-5.627048e+02
7.160000e-06	-6.927478e-09	-2.159685e-09	-3.792759e+01	-5.630923e+02
7.170000e-06	-6.936435e-09	-2.161210e-09	-3.797661e+01	-5.634539e+02
7.180000e-06	-6.944957e-09	-2.162131e-09	-3.802326e+01	-5.637949e+02
7.190000e-06	-6.953143e-09	-2.163023e-09	-3.806808e+01	-5.641208e+02
7.200000e-06	-6.960992e-09	-2.164227e-09	-3.811105e+01	-5.644364e+02
7.210000e-06	-6.968371e-09	-2.165972e-09	-3.815143e+01	-5.647458e+02
7.220000e-06	-6.975092e-09	-2.168191e-09	-3.818821e+01	-5.650513e+02
7.230000e-06	-6.981039e-09	-2.170419e-09	-3.822074e+01	-5.653536e+02
7.240000e-06	-6.986244e-09	-2.172337e-09	-3.824922e+01	-5.656516e+02
7.250000e-06	-6.990876e-09	-2.173846e-09	-3.827457e+01	-5.659421e+02
7.260000e-06	-6.995117e-09	-2.174579e-09	-3.829780e+01	-5.662206e+02
7.270000e-06	-6.999029e-09	-2.174480e-09	-3.831920e+01	-5.664814e+02
7.280000e-06	-7.002533e-09	-2.174645e-09	-3.833837e+01	-5.667183e+02
7.290000e-06	-7.005552e-09	-2.175892e-09	-3.835489e+01	-5.669253e+02
7.300000e-06	-7.008097e-09	-2.177370e-09	-3.836881e+01	-5.670975e+02
7.310000e-06	-7.010221e-09	-2.178385e-09	-3.838044e+01	-5.672313e+02
7.320000e-06	-7.011863e-09	-2.179228e-09	-3.838941e+01	-5.673256e+02
7.330000e-06	-7.012939e-09	-2.179954e-09	-3.839529e+01	-5.673814e+02
7.340000e-06	-7.013558e-09	-2.180256e-09	-3.839868e+01	-5.674023e+02
