# Temperatura_=_2.071216617210682
# Concentracion g/m^3_=_11700.0
# C_Vs_to_Am_M_A/Vsm_=_254322799225.57578
# pendiente_HvsI_1/m_=_3716.3
# ordenada_HvsI_A/m_=_1297.0
# frecuencia_Hz_=_136162.18540412994
# Promedio de 674 ciclos

Tiempo_(s)	Campo_(V.s)	Magnetizacion_(V.s)	Campo_(kA/m)	Magnetizacion_(A/m)
0.000000e+00	-7.000984e-09	-2.187442e-09	-3.840313e+01	-5.602045e+02
1.000000e-08	-7.001135e-09	-2.187466e-09	-3.840395e+01	-5.603096e+02
2.000000e-08	-7.000948e-09	-2.187400e-09	-3.840292e+01	-5.603906e+02
3.000000e-08	-7.000288e-09	-2.187041e-09	-3.839929e+01	-5.604451e+02
4.000000e-08	-6.998977e-09	-2.187056e-09	-3.839209e+01	-5.604715e+02
5.000000e-08	-6.996899e-09	-2.188089e-09	-3.838068e+01	-5.604694e+02
6.000000e-08	-6.994099e-09	-2.189325e-09	-3.836531e+01	-5.604393e+02
7.000000e-08	-6.990741e-09	-2.189678e-09	-3.834688e+01	-5.603826e+02
8.000000e-08	-6.986943e-09	-2.191196e-09	-3.832604e+01	-5.603016e+02
9.000000e-08	-6.982622e-09	-2.192747e-09	-3.830233e+01	-5.601992e+02
1.000000e-07	-6.977597e-09	-2.184836e-09	-3.827476e+01	-5.600785e+02
1.100000e-07	-6.971930e-09	-2.173059e-09	-3.824366e+01	-5.599425e+02
1.200000e-07	-6.965941e-09	-2.187968e-09	-3.821081e+01	-5.597937e+02
1.300000e-07	-6.959758e-09	-2.208165e-09	-3.817689e+01	-5.596340e+02
1.400000e-07	-6.953141e-09	-2.189360e-09	-3.814058e+01	-5.594644e+02
1.500000e-07	-6.945927e-09	-2.162181e-09	-3.810100e+01	-5.592847e+02
1.600000e-07	-6.938284e-09	-2.183193e-09	-3.805908e+01	-5.590940e+02
1.700000e-07	-6.930340e-09	-2.215227e-09	-3.801549e+01	-5.588901e+02
1.800000e-07	-6.921893e-09	-2.187855e-09	-3.796914e+01	-5.586707e+02
1.900000e-07	-6.912748e-09	-2.153373e-09	-3.791896e+01	-5.584329e+02
2.000000e-07	-6.903033e-09	-2.181543e-09	-3.786567e+01	-5.581741e+02
2.100000e-07	-6.892900e-09	-2.213537e-09	-3.781008e+01	-5.578922e+02
2.200000e-07	-6.882166e-09	-2.181519e-09	-3.775118e+01	-5.575860e+02
2.300000e-07	-6.870704e-09	-2.154633e-09	-3.768830e+01	-5.572556e+02
2.400000e-07	-6.858673e-09	-2.186433e-09	-3.762229e+01	-5.569027e+02
2.500000e-07	-6.846139e-09	-2.200508e-09	-3.755353e+01	-5.565302e+02
2.600000e-07	-6.833002e-09	-2.164925e-09	-3.748146e+01	-5.561429e+02
2.700000e-07	-6.819265e-09	-2.163122e-09	-3.740610e+01	-5.557465e+02
2.800000e-07	-6.804944e-09	-2.193501e-09	-3.732753e+01	-5.553476e+02
2.900000e-07	-6.789889e-09	-2.175238e-09	-3.724493e+01	-5.549535e+02
3.000000e-07	-6.774054e-09	-2.147320e-09	-3.715806e+01	-5.545711e+02
3.100000e-07	-6.757638e-09	-2.170978e-09	-3.706800e+01	-5.542065e+02
3.200000e-07	-6.740791e-09	-2.180245e-09	-3.697558e+01	-5.538649e+02
3.300000e-07	-6.723528e-09	-2.147320e-09	-3.688087e+01	-5.535494e+02
3.400000e-07	-6.705894e-09	-2.153760e-09	-3.678414e+01	-5.532613e+02
3.500000e-07	-6.687888e-09	-2.185985e-09	-3.668536e+01	-5.529992e+02
3.600000e-07	-6.669384e-09	-2.165046e-09	-3.658385e+01	-5.527598e+02
3.700000e-07	-6.650324e-09	-2.137239e-09	-3.647929e+01	-5.525373e+02
3.800000e-07	-6.630829e-09	-2.163601e-09	-3.637235e+01	-5.523239e+02
3.900000e-07	-6.611003e-09	-2.174242e-09	-3.626359e+01	-5.521106e+02
4.000000e-07	-6.590824e-09	-2.141462e-09	-3.615289e+01	-5.518873e+02
4.100000e-07	-6.570236e-09	-2.143911e-09	-3.603995e+01	-5.516436e+02
4.200000e-07	-6.549200e-09	-2.169479e-09	-3.592455e+01	-5.513694e+02
4.300000e-07	-6.527686e-09	-2.152121e-09	-3.580653e+01	-5.510557e+02
4.400000e-07	-6.505720e-09	-2.137393e-09	-3.568603e+01	-5.506946e+02
4.500000e-07	-6.483311e-09	-2.154980e-09	-3.556310e+01	-5.502804e+02
4.600000e-07	-6.460421e-09	-2.148935e-09	-3.543753e+01	-5.498092e+02
4.700000e-07	-6.437081e-09	-2.127548e-09	-3.530950e+01	-5.492794e+02
4.800000e-07	-6.413393e-09	-2.136261e-09	-3.517956e+01	-5.486915e+02
4.900000e-07	-6.389391e-09	-2.142252e-09	-3.504789e+01	-5.480479e+02
5.000000e-07	-6.364993e-09	-2.126381e-09	-3.491405e+01	-5.473524e+02
5.100000e-07	-6.340036e-09	-2.125431e-09	-3.477714e+01	-5.466103e+02
5.200000e-07	-6.314362e-09	-2.132695e-09	-3.463630e+01	-5.458271e+02
5.300000e-07	-6.287919e-09	-2.122660e-09	-3.449124e+01	-5.450089e+02
5.400000e-07	-6.260825e-09	-2.115310e-09	-3.434261e+01	-5.441613e+02
5.500000e-07	-6.233286e-09	-2.118224e-09	-3.419154e+01	-5.432896e+02
5.600000e-07	-6.205442e-09	-2.113131e-09	-3.403880e+01	-5.423981e+02
5.700000e-07	-6.177298e-09	-2.106643e-09	-3.388442e+01	-5.414900e+02
5.800000e-07	-6.148787e-09	-2.106717e-09	-3.372802e+01	-5.405675e+02
5.900000e-07	-6.119849e-09	-2.103827e-09	-3.356927e+01	-5.396318e+02
6.000000e-07	-6.090479e-09	-2.099158e-09	-3.340816e+01	-5.386833e+02
6.100000e-07	-6.060710e-09	-2.096530e-09	-3.324486e+01	-5.377216e+02
6.200000e-07	-6.030543e-09	-2.090810e-09	-3.307938e+01	-5.367457e+02
6.300000e-07	-5.999945e-09	-2.085913e-09	-3.291153e+01	-5.357545e+02
6.400000e-07	-5.968907e-09	-2.084415e-09	-3.274126e+01	-5.347468e+02
6.500000e-07	-5.937494e-09	-2.080762e-09	-3.256894e+01	-5.337216e+02
6.600000e-07	-5.905789e-09	-2.075534e-09	-3.239503e+01	-5.326781e+02
6.700000e-07	-5.873789e-09	-2.072158e-09	-3.221949e+01	-5.316156e+02
6.800000e-07	-5.841390e-09	-2.067922e-09	-3.204176e+01	-5.305339e+02
6.900000e-07	-5.808453e-09	-2.063731e-09	-3.186108e+01	-5.294329e+02
7.000000e-07	-5.774872e-09	-2.060168e-09	-3.167686e+01	-5.283128e+02
7.100000e-07	-5.740625e-09	-2.054954e-09	-3.148900e+01	-5.271735e+02
7.200000e-07	-5.705789e-09	-2.049991e-09	-3.129790e+01	-5.260151e+02
7.300000e-07	-5.670500e-09	-2.047243e-09	-3.110432e+01	-5.248373e+02
7.400000e-07	-5.634894e-09	-2.043410e-09	-3.090900e+01	-5.236397e+02
7.500000e-07	-5.599032e-09	-2.037925e-09	-3.071228e+01	-5.224216e+02
7.600000e-07	-5.562887e-09	-2.032348e-09	-3.051401e+01	-5.211822e+02
7.700000e-07	-5.526384e-09	-2.027016e-09	-3.031377e+01	-5.199203e+02
7.800000e-07	-5.489451e-09	-2.022784e-09	-3.011116e+01	-5.186349e+02
7.900000e-07	-5.452086e-09	-2.018955e-09	-2.990620e+01	-5.173252e+02
8.000000e-07	-5.414332e-09	-2.013616e-09	-2.969910e+01	-5.159903e+02
8.100000e-07	-5.376183e-09	-2.008023e-09	-2.948983e+01	-5.146300e+02
8.200000e-07	-5.337590e-09	-2.003021e-09	-2.927812e+01	-5.132444e+02
8.300000e-07	-5.298577e-09	-1.997359e-09	-2.906411e+01	-5.118338e+02
8.400000e-07	-5.259248e-09	-1.991863e-09	-2.884837e+01	-5.103993e+02
8.500000e-07	-5.219674e-09	-1.986778e-09	-2.863128e+01	-5.089420e+02
8.600000e-07	-5.179866e-09	-1.981030e-09	-2.841291e+01	-5.074635e+02
8.700000e-07	-5.139789e-09	-1.975496e-09	-2.819307e+01	-5.059651e+02
8.800000e-07	-5.099399e-09	-1.971076e-09	-2.797151e+01	-5.044483e+02
8.900000e-07	-5.058643e-09	-1.965574e-09	-2.774794e+01	-5.029140e+02
9.000000e-07	-5.017447e-09	-1.958593e-09	-2.752196e+01	-5.013626e+02
9.100000e-07	-4.975691e-09	-1.951834e-09	-2.729290e+01	-4.997941e+02
9.200000e-07	-4.933284e-09	-1.945821e-09	-2.706027e+01	-4.982075e+02
9.300000e-07	-4.890292e-09	-1.939950e-09	-2.682443e+01	-4.966013e+02
9.400000e-07	-4.846896e-09	-1.934123e-09	-2.658638e+01	-4.949733e+02
9.500000e-07	-4.803227e-09	-1.927840e-09	-2.634683e+01	-4.933209e+02
9.600000e-07	-4.759313e-09	-1.920984e-09	-2.610595e+01	-4.916411e+02
9.700000e-07	-4.715140e-09	-1.914106e-09	-2.586363e+01	-4.899307e+02
9.800000e-07	-4.670693e-09	-1.907301e-09	-2.561981e+01	-4.881869e+02
9.900000e-07	-4.625953e-09	-1.899866e-09	-2.537439e+01	-4.864072e+02
1.000000e-06	-4.580899e-09	-1.892097e-09	-2.512725e+01	-4.845897e+02
1.010000e-06	-4.535523e-09	-1.884669e-09	-2.487834e+01	-4.827332e+02
1.020000e-06	-4.489823e-09	-1.877813e-09	-2.462766e+01	-4.808375e+02
1.030000e-06	-4.443802e-09	-1.870951e-09	-2.437520e+01	-4.789029e+02
1.040000e-06	-4.397458e-09	-1.863617e-09	-2.412099e+01	-4.769308e+02
1.050000e-06	-4.350781e-09	-1.855613e-09	-2.386494e+01	-4.749232e+02
1.060000e-06	-4.303764e-09	-1.847362e-09	-2.360702e+01	-4.728823e+02
1.070000e-06	-4.256440e-09	-1.839648e-09	-2.334743e+01	-4.708107e+02
1.080000e-06	-4.208866e-09	-1.832195e-09	-2.308646e+01	-4.687109e+02
1.090000e-06	-4.161076e-09	-1.824242e-09	-2.282431e+01	-4.665850e+02
1.100000e-06	-4.113059e-09	-1.815884e-09	-2.256091e+01	-4.644348e+02
1.110000e-06	-4.064772e-09	-1.807399e-09	-2.229604e+01	-4.622613e+02
1.120000e-06	-4.016182e-09	-1.798903e-09	-2.202950e+01	-4.600647e+02
1.130000e-06	-3.967245e-09	-1.790477e-09	-2.176106e+01	-4.578446e+02
1.140000e-06	-3.917881e-09	-1.781652e-09	-2.149029e+01	-4.555998e+02
1.150000e-06	-3.868033e-09	-1.772580e-09	-2.121684e+01	-4.533285e+02
1.160000e-06	-3.817720e-09	-1.763795e-09	-2.094086e+01	-4.510288e+02
1.170000e-06	-3.767011e-09	-1.755812e-09	-2.066270e+01	-4.486984e+02
1.180000e-06	-3.715949e-09	-1.747845e-09	-2.038260e+01	-4.463351e+02
1.190000e-06	-3.664556e-09	-1.738874e-09	-2.010069e+01	-4.439372e+02
1.200000e-06	-3.612853e-09	-1.729076e-09	-1.981708e+01	-4.415032e+02
1.210000e-06	-3.560873e-09	-1.719078e-09	-1.953195e+01	-4.390326e+02
1.220000e-06	-3.508643e-09	-1.708751e-09	-1.924545e+01	-4.365252e+02
1.230000e-06	-3.456167e-09	-1.698514e-09	-1.895760e+01	-4.339816e+02
1.240000e-06	-3.403429e-09	-1.688578e-09	-1.866832e+01	-4.314030e+02
1.250000e-06	-3.350432e-09	-1.678666e-09	-1.837761e+01	-4.287909e+02
1.260000e-06	-3.297201e-09	-1.668904e-09	-1.808562e+01	-4.261470e+02
1.270000e-06	-3.243762e-09	-1.659194e-09	-1.779248e+01	-4.234731e+02
1.280000e-06	-3.190125e-09	-1.648956e-09	-1.749827e+01	-4.207707e+02
1.290000e-06	-3.136291e-09	-1.637801e-09	-1.720296e+01	-4.180405e+02
1.300000e-06	-3.082250e-09	-1.625748e-09	-1.690653e+01	-4.152831e+02
1.310000e-06	-3.028001e-09	-1.613438e-09	-1.660896e+01	-4.124977e+02
1.320000e-06	-2.973533e-09	-1.602112e-09	-1.631018e+01	-4.096833e+02
1.330000e-06	-2.918826e-09	-1.591870e-09	-1.601009e+01	-4.068375e+02
1.340000e-06	-2.863881e-09	-1.581400e-09	-1.570870e+01	-4.039575e+02
1.350000e-06	-2.808715e-09	-1.570332e-09	-1.540609e+01	-4.010400e+02
1.360000e-06	-2.753357e-09	-1.559331e-09	-1.510243e+01	-3.980811e+02
1.370000e-06	-2.697844e-09	-1.548103e-09	-1.479792e+01	-3.950768e+02
1.380000e-06	-2.642205e-09	-1.535939e-09	-1.449271e+01	-3.920233e+02
1.390000e-06	-2.586460e-09	-1.523064e-09	-1.418693e+01	-3.889170e+02
1.400000e-06	-2.530623e-09	-1.510087e-09	-1.388064e+01	-3.857547e+02
1.410000e-06	-2.474696e-09	-1.497144e-09	-1.357385e+01	-3.825339e+02
1.420000e-06	-2.418674e-09	-1.484562e-09	-1.326655e+01	-3.792526e+02
1.430000e-06	-2.362538e-09	-1.472290e-09	-1.295862e+01	-3.759094e+02
1.440000e-06	-2.306263e-09	-1.459563e-09	-1.264993e+01	-3.725035e+02
1.450000e-06	-2.249821e-09	-1.446241e-09	-1.234033e+01	-3.690345e+02
1.460000e-06	-2.193184e-09	-1.433068e-09	-1.202966e+01	-3.655021e+02
1.470000e-06	-2.136323e-09	-1.419549e-09	-1.171775e+01	-3.619061e+02
1.480000e-06	-2.079206e-09	-1.404942e-09	-1.140445e+01	-3.582463e+02
1.490000e-06	-2.021818e-09	-1.389899e-09	-1.108966e+01	-3.545219e+02
1.500000e-06	-1.964171e-09	-1.374872e-09	-1.077345e+01	-3.507317e+02
1.510000e-06	-1.906284e-09	-1.359671e-09	-1.045592e+01	-3.468740e+02
1.520000e-06	-1.848181e-09	-1.344467e-09	-1.013721e+01	-3.429464e+02
1.530000e-06	-1.789880e-09	-1.329627e-09	-9.817409e+00	-3.389459e+02
1.540000e-06	-1.731391e-09	-1.314654e-09	-9.496576e+00	-3.348691e+02
1.550000e-06	-1.672715e-09	-1.299061e-09	-9.174718e+00	-3.307121e+02
1.560000e-06	-1.613863e-09	-1.283375e-09	-8.851890e+00	-3.264710e+02
1.570000e-06	-1.554851e-09	-1.266873e-09	-8.528187e+00	-3.221417e+02
1.580000e-06	-1.495696e-09	-1.248668e-09	-8.203702e+00	-3.177204e+02
1.590000e-06	-1.436413e-09	-1.229902e-09	-7.878511e+00	-3.132036e+02
1.600000e-06	-1.377016e-09	-1.211688e-09	-7.552693e+00	-3.085884e+02
1.610000e-06	-1.317520e-09	-1.193709e-09	-7.226333e+00	-3.038726e+02
1.620000e-06	-1.257940e-09	-1.175461e-09	-6.899512e+00	-2.990545e+02
1.630000e-06	-1.198290e-09	-1.156922e-09	-6.572308e+00	-2.941332e+02
1.640000e-06	-1.138584e-09	-1.137916e-09	-6.244797e+00	-2.891084e+02
1.650000e-06	-1.078834e-09	-1.118152e-09	-5.917045e+00	-2.839802e+02
1.660000e-06	-1.019050e-09	-1.097357e-09	-5.589108e+00	-2.787489e+02
1.670000e-06	-9.592396e-10	-1.075464e-09	-5.261023e+00	-2.734152e+02
1.680000e-06	-8.994023e-10	-1.053034e-09	-4.932792e+00	-2.679793e+02
1.690000e-06	-8.395355e-10	-1.030790e-09	-4.604397e+00	-2.624413e+02
1.700000e-06	-7.796343e-10	-1.008886e-09	-4.275815e+00	-2.568005e+02
1.710000e-06	-7.197012e-10	-9.871278e-10	-3.947059e+00	-2.510557e+02
1.720000e-06	-6.597393e-10	-9.647737e-10	-3.618146e+00	-2.452048e+02
1.730000e-06	-5.997456e-10	-9.410372e-10	-3.289058e+00	-2.392448e+02
1.740000e-06	-5.397178e-10	-9.162711e-10	-2.959783e+00	-2.331717e+02
1.750000e-06	-4.796589e-10	-8.911945e-10	-2.630339e+00	-2.269807e+02
1.760000e-06	-4.195710e-10	-8.656711e-10	-2.300736e+00	-2.206664e+02
1.770000e-06	-3.594589e-10	-8.397102e-10	-1.971000e+00	-2.142228e+02
1.780000e-06	-2.993313e-10	-8.138149e-10	-1.641178e+00	-2.076437e+02
1.790000e-06	-2.391965e-10	-7.879273e-10	-1.311317e+00	-2.009228e+02
1.800000e-06	-1.790622e-10	-7.614580e-10	-9.814596e-01	-1.940542e+02
1.810000e-06	-1.189307e-10	-7.340773e-10	-6.516189e-01	-1.870326e+02
1.820000e-06	-5.880475e-11	-7.057387e-10	-3.218080e-01	-1.798535e+02
1.830000e-06	1.317170e-12	-6.765220e-10	7.981338e-03	-1.725138e+02
1.840000e-06	6.143925e-11	-6.466805e-10	3.377725e-01	-1.650114e+02
1.850000e-06	1.215643e-10	-6.167266e-10	6.675813e-01	-1.573462e+02
1.860000e-06	1.816941e-10	-5.865241e-10	9.974160e-01	-1.495196e+02
1.870000e-06	2.418212e-10	-5.553395e-10	1.327235e+00	-1.415349e+02
1.880000e-06	3.019410e-10	-5.233213e-10	1.657015e+00	-1.333968e+02
1.890000e-06	3.620526e-10	-4.909360e-10	1.986750e+00	-1.251120e+02
1.900000e-06	4.221518e-10	-4.579957e-10	2.316416e+00	-1.166883e+02
1.910000e-06	4.822315e-10	-4.242830e-10	2.645975e+00	-1.081351e+02
1.920000e-06	5.422832e-10	-3.899054e-10	2.975382e+00	-9.946234e+01
1.930000e-06	6.023026e-10	-3.552124e-10	3.304611e+00	-9.068090e+01
1.940000e-06	6.622867e-10	-3.205166e-10	3.633647e+00	-8.180181e+01
1.950000e-06	7.222335e-10	-2.856082e-10	3.962478e+00	-7.283605e+01
1.960000e-06	7.821391e-10	-2.501133e-10	4.291084e+00	-6.379429e+01
1.970000e-06	8.420055e-10	-2.140146e-10	4.619473e+00	-5.468655e+01
1.980000e-06	9.018407e-10	-1.776372e-10	4.947692e+00	-4.552200e+01
1.990000e-06	9.616465e-10	-1.413673e-10	5.275749e+00	-3.630881e+01
2.000000e-06	1.021420e-09	-1.053577e-10	5.603634e+00	-2.705408e+01
2.010000e-06	1.081156e-09	-6.911193e-11	5.931310e+00	-1.776383e+01
2.020000e-06	1.140850e-09	-3.231448e-11	6.258756e+00	-8.443098e+00
2.030000e-06	1.200497e-09	4.629186e-12	6.585939e+00	9.039255e-01
2.040000e-06	1.260082e-09	4.131008e-11	6.912784e+00	1.027366e+01
2.050000e-06	1.319598e-09	7.795819e-11	7.239252e+00	1.966291e+01
2.060000e-06	1.379029e-09	1.149538e-10	7.565255e+00	2.906853e+01
2.070000e-06	1.438356e-09	1.520688e-10	7.890686e+00	3.848722e+01
2.080000e-06	1.497562e-09	1.890632e-10	8.215452e+00	4.791522e+01
2.090000e-06	1.556630e-09	2.261426e-10	8.539452e+00	5.734808e+01
2.100000e-06	1.615537e-09	2.632146e-10	8.862575e+00	6.678052e+01
2.110000e-06	1.674270e-09	3.001044e-10	9.184739e+00	7.620636e+01
2.120000e-06	1.732825e-09	3.369699e-10	9.505930e+00	8.561843e+01
2.130000e-06	1.791194e-09	3.735896e-10	9.826092e+00	9.500873e+01
2.140000e-06	1.849365e-09	4.099230e-10	1.014518e+01	1.043684e+02
2.150000e-06	1.907332e-09	4.464449e-10	1.046314e+01	1.136882e+02
2.160000e-06	1.965075e-09	4.830975e-10	1.077987e+01	1.229584e+02
2.170000e-06	2.022577e-09	5.192604e-10	1.109528e+01	1.321691e+02
2.180000e-06	2.079830e-09	5.546298e-10	1.140932e+01	1.413109e+02
2.190000e-06	2.136834e-09	5.895411e-10	1.172201e+01	1.503744e+02
2.200000e-06	2.193604e-09	6.243251e-10	1.203341e+01	1.593511e+02
2.210000e-06	2.250157e-09	6.588900e-10	1.234362e+01	1.682333e+02
2.220000e-06	2.306512e-09	6.931876e-10	1.265274e+01	1.770139e+02
2.230000e-06	2.362703e-09	7.272199e-10	1.296097e+01	1.856870e+02
2.240000e-06	2.418757e-09	7.608358e-10	1.326844e+01	1.942474e+02
2.250000e-06	2.474688e-09	7.938119e-10	1.357525e+01	2.026909e+02
2.260000e-06	2.530510e-09	8.260563e-10	1.388145e+01	2.110138e+02
2.270000e-06	2.586232e-09	8.577466e-10	1.418711e+01	2.192132e+02
2.280000e-06	2.641849e-09	8.891091e-10	1.449218e+01	2.272863e+02
2.290000e-06	2.697339e-09	9.203704e-10	1.479656e+01	2.352310e+02
2.300000e-06	2.752677e-09	9.513467e-10	1.510011e+01	2.430450e+02
2.310000e-06	2.807842e-09	9.814883e-10	1.540271e+01	2.507263e+02
2.320000e-06	2.862814e-09	1.010643e-09	1.570425e+01	2.582730e+02
2.330000e-06	2.917573e-09	1.039167e-09	1.600462e+01	2.656831e+02
2.340000e-06	2.972113e-09	1.067444e-09	1.630379e+01	2.729548e+02
2.350000e-06	3.026437e-09	1.095317e-09	1.660177e+01	2.800865e+02
2.360000e-06	3.080548e-09	1.122462e-09	1.689859e+01	2.870767e+02
2.370000e-06	3.134454e-09	1.149013e-09	1.719429e+01	2.939243e+02
2.380000e-06	3.188151e-09	1.175484e-09	1.748884e+01	3.006285e+02
2.390000e-06	3.241629e-09	1.201996e-09	1.778218e+01	3.071892e+02
2.400000e-06	3.294873e-09	1.227546e-09	1.807424e+01	3.136065e+02
2.410000e-06	3.347873e-09	1.251602e-09	1.836496e+01	3.198809e+02
2.420000e-06	3.400622e-09	1.275174e-09	1.865430e+01	3.260134e+02
2.430000e-06	3.453117e-09	1.298953e-09	1.894225e+01	3.320051e+02
2.440000e-06	3.505356e-09	1.322574e-09	1.922879e+01	3.378574e+02
2.450000e-06	3.557339e-09	1.345393e-09	1.951393e+01	3.435716e+02
2.460000e-06	3.609056e-09	1.367139e-09	1.979762e+01	3.491489e+02
2.470000e-06	3.660482e-09	1.388093e-09	2.007971e+01	3.545901e+02
2.480000e-06	3.711568e-09	1.408901e-09	2.035993e+01	3.598959e+02
2.490000e-06	3.762263e-09	1.429572e-09	2.063800e+01	3.650665e+02
2.500000e-06	3.812522e-09	1.449428e-09	2.091369e+01	3.701017e+02
2.510000e-06	3.862319e-09	1.468222e-09	2.118683e+01	3.750013e+02
2.520000e-06	3.911656e-09	1.486338e-09	2.145745e+01	3.797646e+02
2.530000e-06	3.960565e-09	1.504504e-09	2.172574e+01	3.843912e+02
2.540000e-06	4.009111e-09	1.522653e-09	2.199203e+01	3.888810e+02
2.550000e-06	4.057368e-09	1.539722e-09	2.225673e+01	3.932340e+02
2.560000e-06	4.105394e-09	1.555557e-09	2.252017e+01	3.974513e+02
2.570000e-06	4.153219e-09	1.571089e-09	2.278251e+01	4.015345e+02
2.580000e-06	4.200841e-09	1.586597e-09	2.304373e+01	4.054862e+02
2.590000e-06	4.248221e-09	1.601569e-09	2.330363e+01	4.093102e+02
2.600000e-06	4.295310e-09	1.615575e-09	2.356192e+01	4.130110e+02
2.610000e-06	4.342067e-09	1.628842e-09	2.381840e+01	4.165942e+02
2.620000e-06	4.388485e-09	1.641971e-09	2.407302e+01	4.200662e+02
2.630000e-06	4.434577e-09	1.655322e-09	2.432585e+01	4.234338e+02
2.640000e-06	4.480367e-09	1.668624e-09	2.457703e+01	4.267042e+02
2.650000e-06	4.525863e-09	1.681122e-09	2.482659e+01	4.298848e+02
2.660000e-06	4.571053e-09	1.692607e-09	2.507448e+01	4.329825e+02
2.670000e-06	4.615924e-09	1.703955e-09	2.532061e+01	4.360041e+02
2.680000e-06	4.660478e-09	1.715611e-09	2.556501e+01	4.389554e+02
2.690000e-06	4.704752e-09	1.727066e-09	2.580787e+01	4.418417e+02
2.700000e-06	4.748797e-09	1.738109e-09	2.604948e+01	4.446674e+02
2.710000e-06	4.792647e-09	1.748882e-09	2.629001e+01	4.474359e+02
2.720000e-06	4.836293e-09	1.759613e-09	2.652942e+01	4.501499e+02
2.730000e-06	4.879662e-09	1.770385e-09	2.676732e+01	4.528113e+02
2.740000e-06	4.922634e-09	1.780889e-09	2.700304e+01	4.554216e+02
2.750000e-06	4.965072e-09	1.790608e-09	2.723582e+01	4.579817e+02
2.760000e-06	5.006894e-09	1.799900e-09	2.746523e+01	4.604926e+02
2.770000e-06	5.048101e-09	1.809544e-09	2.769126e+01	4.629550e+02
2.780000e-06	5.088777e-09	1.819354e-09	2.791438e+01	4.653697e+02
2.790000e-06	5.129055e-09	1.828921e-09	2.813533e+01	4.677378e+02
2.800000e-06	5.169052e-09	1.838167e-09	2.835473e+01	4.700605e+02
2.810000e-06	5.208827e-09	1.847213e-09	2.857291e+01	4.723393e+02
2.820000e-06	5.248368e-09	1.856188e-09	2.878981e+01	4.745757e+02
2.830000e-06	5.287609e-09	1.865039e-09	2.900505e+01	4.767715e+02
2.840000e-06	5.326485e-09	1.873526e-09	2.921830e+01	4.789284e+02
2.850000e-06	5.364961e-09	1.881640e-09	2.942935e+01	4.810477e+02
2.860000e-06	5.403035e-09	1.889773e-09	2.963819e+01	4.831309e+02
2.870000e-06	5.440715e-09	1.897804e-09	2.984488e+01	4.851790e+02
2.880000e-06	5.477997e-09	1.905634e-09	3.004938e+01	4.871925e+02
2.890000e-06	5.514873e-09	1.913602e-09	3.025166e+01	4.891718e+02
2.900000e-06	5.551365e-09	1.921499e-09	3.045183e+01	4.911171e+02
2.910000e-06	5.587537e-09	1.929019e-09	3.065025e+01	4.930281e+02
2.920000e-06	5.623454e-09	1.936486e-09	3.084727e+01	4.949045e+02
2.930000e-06	5.659130e-09	1.943845e-09	3.104296e+01	4.967461e+02
2.940000e-06	5.694502e-09	1.950692e-09	3.123699e+01	4.985528e+02
2.950000e-06	5.729443e-09	1.957129e-09	3.142864e+01	5.003247e+02
2.960000e-06	5.763798e-09	1.963624e-09	3.161709e+01	5.020621e+02
2.970000e-06	5.797472e-09	1.970609e-09	3.180180e+01	5.037658e+02
2.980000e-06	5.830487e-09	1.977788e-09	3.198289e+01	5.054368e+02
2.990000e-06	5.862963e-09	1.984549e-09	3.216103e+01	5.070763e+02
3.000000e-06	5.895056e-09	1.990927e-09	3.233707e+01	5.086857e+02
3.010000e-06	5.926862e-09	1.997234e-09	3.251154e+01	5.102667e+02
3.020000e-06	5.958379e-09	2.003389e-09	3.268441e+01	5.118204e+02
3.030000e-06	5.989528e-09	2.009285e-09	3.285528e+01	5.133481e+02
3.040000e-06	6.020239e-09	2.015124e-09	3.302374e+01	5.148506e+02
3.050000e-06	6.050500e-09	2.021027e-09	3.318973e+01	5.163283e+02
3.060000e-06	6.080329e-09	2.027049e-09	3.335335e+01	5.177811e+02
3.070000e-06	6.109744e-09	2.033291e-09	3.351470e+01	5.192086e+02
3.080000e-06	6.138741e-09	2.039672e-09	3.367375e+01	5.206098e+02
3.090000e-06	6.167335e-09	2.045684e-09	3.383060e+01	5.219836e+02
3.100000e-06	6.195582e-09	2.051029e-09	3.398554e+01	5.233286e+02
3.110000e-06	6.223544e-09	2.055932e-09	3.413892e+01	5.246437e+02
3.120000e-06	6.251232e-09	2.060658e-09	3.429080e+01	5.259278e+02
3.130000e-06	6.278557e-09	2.065186e-09	3.444068e+01	5.271801e+02
3.140000e-06	6.305343e-09	2.069554e-09	3.458761e+01	5.284005e+02
3.150000e-06	6.331416e-09	2.074135e-09	3.473062e+01	5.295892e+02
3.160000e-06	6.356721e-09	2.078778e-09	3.486942e+01	5.307471e+02
3.170000e-06	6.381367e-09	2.083471e-09	3.500461e+01	5.318755e+02
3.180000e-06	6.405521e-09	2.088337e-09	3.513710e+01	5.329763e+02
3.190000e-06	6.429301e-09	2.092840e-09	3.526754e+01	5.340513e+02
3.200000e-06	6.452711e-09	2.096685e-09	3.539595e+01	5.351027e+02
3.210000e-06	6.475689e-09	2.100288e-09	3.552199e+01	5.361326e+02
3.220000e-06	6.498209e-09	2.104038e-09	3.564551e+01	5.371425e+02
3.230000e-06	6.520293e-09	2.108186e-09	3.576664e+01	5.381337e+02
3.240000e-06	6.541951e-09	2.112612e-09	3.588544e+01	5.391070e+02
3.250000e-06	6.563158e-09	2.116887e-09	3.600177e+01	5.400625e+02
3.260000e-06	6.583897e-09	2.120741e-09	3.611552e+01	5.409996e+02
3.270000e-06	6.604215e-09	2.124229e-09	3.622697e+01	5.419173e+02
3.280000e-06	6.624201e-09	2.127601e-09	3.633660e+01	5.428144e+02
3.290000e-06	6.643894e-09	2.130791e-09	3.644462e+01	5.436892e+02
3.300000e-06	6.663219e-09	2.133703e-09	3.655062e+01	5.445401e+02
3.310000e-06	6.682049e-09	2.136586e-09	3.665390e+01	5.453659e+02
3.320000e-06	6.700308e-09	2.139663e-09	3.675406e+01	5.461654e+02
3.330000e-06	6.718018e-09	2.142780e-09	3.685120e+01	5.469383e+02
3.340000e-06	6.735273e-09	2.145894e-09	3.694585e+01	5.476847e+02
3.350000e-06	6.752149e-09	2.148824e-09	3.703842e+01	5.484053e+02
3.360000e-06	6.768615e-09	2.151361e-09	3.712873e+01	5.491015e+02
3.370000e-06	6.784554e-09	2.153698e-09	3.721616e+01	5.497748e+02
3.380000e-06	6.799863e-09	2.156192e-09	3.730013e+01	5.504274e+02
3.390000e-06	6.814540e-09	2.158804e-09	3.738063e+01	5.510611e+02
3.400000e-06	6.828661e-09	2.161083e-09	3.745808e+01	5.516779e+02
3.410000e-06	6.842280e-09	2.162988e-09	3.753278e+01	5.522790e+02
3.420000e-06	6.855388e-09	2.165091e-09	3.760469e+01	5.528653e+02
3.430000e-06	6.867982e-09	2.167649e-09	3.767376e+01	5.534370e+02
3.440000e-06	6.880101e-09	2.170044e-09	3.774023e+01	5.539934e+02
3.450000e-06	6.891759e-09	2.171809e-09	3.780417e+01	5.545334e+02
3.460000e-06	6.902859e-09	2.173160e-09	3.786505e+01	5.550549e+02
3.470000e-06	6.913246e-09	2.174538e-09	3.792202e+01	5.555559e+02
3.480000e-06	6.922834e-09	2.176092e-09	3.797460e+01	5.560340e+02
3.490000e-06	6.931687e-09	2.177723e-09	3.802316e+01	5.564868e+02
3.500000e-06	6.939988e-09	2.179294e-09	3.806869e+01	5.569126e+02
3.510000e-06	6.947918e-09	2.180856e-09	3.811218e+01	5.573099e+02
3.520000e-06	6.955513e-09	2.182575e-09	3.815384e+01	5.576784e+02
3.530000e-06	6.962689e-09	2.184122e-09	3.819319e+01	5.580184e+02
3.540000e-06	6.969362e-09	2.185205e-09	3.822979e+01	5.583312e+02
3.550000e-06	6.975526e-09	2.186240e-09	3.826359e+01	5.586188e+02
3.560000e-06	6.981195e-09	2.187280e-09	3.829469e+01	5.588840e+02
3.570000e-06	6.986351e-09	2.188040e-09	3.832296e+01	5.591300e+02
3.580000e-06	6.991003e-09	2.188777e-09	3.834848e+01	5.593599e+02
3.590000e-06	6.995237e-09	2.189687e-09	3.837170e+01	5.595767e+02
3.600000e-06	6.999149e-09	2.190460e-09	3.839315e+01	5.597831e+02
3.610000e-06	7.002731e-09	2.190843e-09	3.841279e+01	5.599809e+02
3.620000e-06	7.005841e-09	2.191157e-09	3.842985e+01	5.601709e+02
3.630000e-06	7.008297e-09	2.191641e-09	3.844331e+01	5.603529e+02
3.640000e-06	7.009984e-09	2.192096e-09	3.845255e+01	5.605259e+02
3.650000e-06	7.010928e-09	2.192080e-09	3.845773e+01	5.606877e+02
3.660000e-06	7.011301e-09	2.191821e-09	3.845977e+01	5.608356e+02
3.670000e-06	7.011279e-09	2.192138e-09	3.845965e+01	5.609664e+02
3.680000e-06	7.010913e-09	2.192450e-09	3.845763e+01	5.610768e+02
3.690000e-06	7.010131e-09	2.192213e-09	3.845334e+01	5.611637e+02
3.700000e-06	7.008858e-09	2.192055e-09	3.844635e+01	5.612246e+02
3.710000e-06	7.007108e-09	2.192221e-09	3.843675e+01	5.612577e+02
3.720000e-06	7.004934e-09	2.192432e-09	3.842482e+01	5.612623e+02
3.730000e-06	7.002325e-09	2.192732e-09	3.841050e+01	5.612387e+02
3.740000e-06	6.999248e-09	2.192812e-09	3.839362e+01	5.611881e+02
3.750000e-06	6.995703e-09	2.189226e-09	3.837417e+01	5.611126e+02
3.760000e-06	6.991621e-09	2.189753e-09	3.835177e+01	5.610151e+02
3.770000e-06	6.986764e-09	2.206182e-09	3.832512e+01	5.608985e+02
3.780000e-06	6.981025e-09	2.204723e-09	3.829363e+01	5.607659e+02
3.790000e-06	6.974776e-09	2.172909e-09	3.825936e+01	5.606200e+02
3.800000e-06	6.968399e-09	2.170433e-09	3.822438e+01	5.604629e+02
3.810000e-06	6.961720e-09	2.203283e-09	3.818774e+01	5.602957e+02
3.820000e-06	6.954401e-09	2.205565e-09	3.814758e+01	5.601186e+02
3.830000e-06	6.946499e-09	2.169745e-09	3.810423e+01	5.599307e+02
3.840000e-06	6.938261e-09	2.164742e-09	3.805904e+01	5.597302e+02
3.850000e-06	6.929654e-09	2.199313e-09	3.801182e+01	5.595148e+02
3.860000e-06	6.920458e-09	2.202280e-09	3.796137e+01	5.592816e+02
3.870000e-06	6.910695e-09	2.166121e-09	3.790781e+01	5.590280e+02
3.880000e-06	6.900559e-09	2.162441e-09	3.785221e+01	5.587517e+02
3.890000e-06	6.890018e-09	2.195884e-09	3.779438e+01	5.584512e+02
3.900000e-06	6.878898e-09	2.189230e-09	3.773337e+01	5.581265e+02
3.910000e-06	6.867207e-09	2.152511e-09	3.766923e+01	5.577787e+02
3.920000e-06	6.855002e-09	2.166191e-09	3.760227e+01	5.574106e+02
3.930000e-06	6.842117e-09	2.200460e-09	3.753158e+01	5.570264e+02
3.940000e-06	6.828404e-09	2.174788e-09	3.745635e+01	5.566317e+02
3.950000e-06	6.813989e-09	2.139926e-09	3.737727e+01	5.562331e+02
3.960000e-06	6.799007e-09	2.168744e-09	3.729509e+01	5.558375e+02
3.970000e-06	6.783469e-09	2.191167e-09	3.720985e+01	5.554520e+02
3.980000e-06	6.767480e-09	2.158187e-09	3.712214e+01	5.550831e+02
3.990000e-06	6.751149e-09	2.151872e-09	3.703256e+01	5.547361e+02
4.000000e-06	6.734396e-09	2.184762e-09	3.694065e+01	5.544146e+02
4.010000e-06	6.717111e-09	2.170939e-09	3.684583e+01	5.541204e+02
4.020000e-06	6.699345e-09	2.137460e-09	3.674837e+01	5.538528e+02
4.030000e-06	6.681155e-09	2.164090e-09	3.664859e+01	5.536087e+02
4.040000e-06	6.662496e-09	2.189889e-09	3.654624e+01	5.533831e+02
4.050000e-06	6.643364e-09	2.159243e-09	3.644128e+01	5.531685e+02
4.060000e-06	6.623823e-09	2.150322e-09	3.633409e+01	5.529562e+02
4.070000e-06	6.603922e-09	2.179500e-09	3.622492e+01	5.527362e+02
4.080000e-06	6.583684e-09	2.165623e-09	3.611390e+01	5.524982e+02
4.090000e-06	6.563065e-09	2.137186e-09	3.600079e+01	5.522320e+02
4.100000e-06	6.541895e-09	2.162423e-09	3.588466e+01	5.519281e+02
4.110000e-06	6.519985e-09	2.174724e-09	3.576447e+01	5.515786e+02
4.120000e-06	6.497314e-09	2.144464e-09	3.564010e+01	5.511771e+02
4.130000e-06	6.473997e-09	2.150151e-09	3.551220e+01	5.507193e+02
4.140000e-06	6.450218e-09	2.173126e-09	3.538176e+01	5.502032e+02
4.150000e-06	6.426118e-09	2.151564e-09	3.524956e+01	5.496286e+02
4.160000e-06	6.401684e-09	2.138712e-09	3.511552e+01	5.489976e+02
4.170000e-06	6.376821e-09	2.156693e-09	3.497912e+01	5.483139e+02
4.180000e-06	6.351500e-09	2.149206e-09	3.484022e+01	5.475821e+02
4.190000e-06	6.325741e-09	2.132428e-09	3.469892e+01	5.468080e+02
4.200000e-06	6.299526e-09	2.139600e-09	3.455511e+01	5.459975e+02
4.210000e-06	6.272814e-09	2.138475e-09	3.440858e+01	5.451564e+02
4.220000e-06	6.245606e-09	2.127003e-09	3.425933e+01	5.442900e+02
4.230000e-06	6.217981e-09	2.128359e-09	3.410779e+01	5.434029e+02
4.240000e-06	6.190049e-09	2.126927e-09	3.395457e+01	5.424985e+02
4.250000e-06	6.161853e-09	2.119075e-09	3.379990e+01	5.415794e+02
4.260000e-06	6.133331e-09	2.117510e-09	3.364344e+01	5.406469e+02
4.270000e-06	6.104342e-09	2.113416e-09	3.348442e+01	5.397016e+02
4.280000e-06	6.074737e-09	2.108065e-09	3.332202e+01	5.387431e+02
4.290000e-06	6.044424e-09	2.107799e-09	3.315574e+01	5.377707e+02
4.300000e-06	6.013435e-09	2.101176e-09	3.298575e+01	5.367833e+02
4.310000e-06	5.981912e-09	2.093775e-09	3.281283e+01	5.357797e+02
4.320000e-06	5.949998e-09	2.093893e-09	3.263777e+01	5.347588e+02
4.330000e-06	5.917765e-09	2.089107e-09	3.246095e+01	5.337197e+02
4.340000e-06	5.885187e-09	2.081856e-09	3.228224e+01	5.326617e+02
4.350000e-06	5.852191e-09	2.081205e-09	3.210124e+01	5.315847e+02
4.360000e-06	5.818749e-09	2.076490e-09	3.191779e+01	5.304883e+02
4.370000e-06	5.784911e-09	2.069196e-09	3.173217e+01	5.293727e+02
4.380000e-06	5.750722e-09	2.067910e-09	3.154462e+01	5.282380e+02
4.390000e-06	5.716168e-09	2.063639e-09	3.135508e+01	5.270841e+02
4.400000e-06	5.681208e-09	2.055439e-09	3.116330e+01	5.259110e+02
4.410000e-06	5.645836e-09	2.052553e-09	3.096927e+01	5.247181e+02
4.420000e-06	5.610120e-09	2.049466e-09	3.077334e+01	5.235050e+02
4.430000e-06	5.574138e-09	2.042612e-09	3.057597e+01	5.222707e+02
4.440000e-06	5.537904e-09	2.037250e-09	3.037720e+01	5.210142e+02
4.450000e-06	5.501347e-09	2.032176e-09	3.017666e+01	5.197345e+02
4.460000e-06	5.464319e-09	2.026283e-09	2.997355e+01	5.184306e+02
4.470000e-06	5.426670e-09	2.021957e-09	2.976702e+01	5.171017e+02
4.480000e-06	5.388347e-09	2.017035e-09	2.955680e+01	5.157475e+02
4.490000e-06	5.349425e-09	2.011067e-09	2.934330e+01	5.143678e+02
4.500000e-06	5.310021e-09	2.005721e-09	2.912715e+01	5.129631e+02
4.510000e-06	5.270250e-09	1.999455e-09	2.890898e+01	5.115341e+02
4.520000e-06	5.230208e-09	1.992755e-09	2.868933e+01	5.100821e+02
4.530000e-06	5.189925e-09	1.987032e-09	2.846836e+01	5.086085e+02
4.540000e-06	5.149363e-09	1.980716e-09	2.824586e+01	5.071148e+02
4.550000e-06	5.108468e-09	1.974034e-09	2.802152e+01	5.056022e+02
4.560000e-06	5.067196e-09	1.968689e-09	2.779513e+01	5.040720e+02
4.570000e-06	5.025553e-09	1.963315e-09	2.756670e+01	5.025247e+02
4.580000e-06	4.983575e-09	1.956829e-09	2.733643e+01	5.009603e+02
4.590000e-06	4.941272e-09	1.950080e-09	2.710438e+01	4.993782e+02
4.600000e-06	4.898606e-09	1.943601e-09	2.687033e+01	4.977768e+02
4.610000e-06	4.855542e-09	1.936785e-09	2.663411e+01	4.961542e+02
4.620000e-06	4.812119e-09	1.929810e-09	2.639591e+01	4.945078e+02
4.630000e-06	4.768412e-09	1.923452e-09	2.615615e+01	4.928347e+02
4.640000e-06	4.724470e-09	1.917541e-09	2.591511e+01	4.911318e+02
4.650000e-06	4.680308e-09	1.911232e-09	2.567286e+01	4.893961e+02
4.660000e-06	4.635904e-09	1.904814e-09	2.542928e+01	4.876250e+02
4.670000e-06	4.591234e-09	1.898335e-09	2.518424e+01	4.858165e+02
4.680000e-06	4.546289e-09	1.890987e-09	2.493769e+01	4.839692e+02
4.690000e-06	4.501032e-09	1.882470e-09	2.468944e+01	4.820826e+02
4.700000e-06	4.455402e-09	1.873564e-09	2.443914e+01	4.801570e+02
4.710000e-06	4.409373e-09	1.865056e-09	2.418665e+01	4.781936e+02
4.720000e-06	4.362990e-09	1.857513e-09	2.393221e+01	4.761941e+02
4.730000e-06	4.316321e-09	1.850619e-09	2.367621e+01	4.741608e+02
4.740000e-06	4.269400e-09	1.843271e-09	2.341883e+01	4.720962e+02
4.750000e-06	4.222228e-09	1.834851e-09	2.316006e+01	4.700029e+02
4.760000e-06	4.174764e-09	1.825870e-09	2.289971e+01	4.678830e+02
4.770000e-06	4.126972e-09	1.816743e-09	2.263754e+01	4.657385e+02
4.780000e-06	4.078822e-09	1.807317e-09	2.237342e+01	4.635704e+02
4.790000e-06	4.030285e-09	1.797919e-09	2.210717e+01	4.613793e+02
4.800000e-06	3.981361e-09	1.788941e-09	2.183880e+01	4.591649e+02
4.810000e-06	3.932081e-09	1.780437e-09	2.156847e+01	4.569260e+02
4.820000e-06	3.882480e-09	1.772451e-09	2.129638e+01	4.546612e+02
4.830000e-06	3.832583e-09	1.764394e-09	2.102267e+01	4.523684e+02
4.840000e-06	3.782400e-09	1.754881e-09	2.074739e+01	4.500454e+02
4.850000e-06	3.731918e-09	1.744145e-09	2.047046e+01	4.476900e+02
4.860000e-06	3.681125e-09	1.733733e-09	2.019184e+01	4.453003e+02
4.870000e-06	3.630025e-09	1.723917e-09	1.991153e+01	4.428749e+02
4.880000e-06	3.578634e-09	1.713879e-09	1.962962e+01	4.404129e+02
4.890000e-06	3.526985e-09	1.703667e-09	1.934630e+01	4.379141e+02
4.900000e-06	3.475105e-09	1.693597e-09	1.906171e+01	4.353789e+02
4.910000e-06	3.423005e-09	1.683450e-09	1.877592e+01	4.328084e+02
4.920000e-06	3.370674e-09	1.673353e-09	1.848885e+01	4.302040e+02
4.930000e-06	3.318092e-09	1.663512e-09	1.820042e+01	4.275675e+02
4.940000e-06	3.265233e-09	1.653156e-09	1.791047e+01	4.249006e+02
4.950000e-06	3.212058e-09	1.642225e-09	1.761878e+01	4.222048e+02
4.960000e-06	3.158532e-09	1.631837e-09	1.732517e+01	4.194812e+02
4.970000e-06	3.104636e-09	1.621755e-09	1.702953e+01	4.167302e+02
4.980000e-06	3.050368e-09	1.610825e-09	1.673185e+01	4.139516e+02
4.990000e-06	2.995734e-09	1.599114e-09	1.643216e+01	4.111442e+02
5.000000e-06	2.940748e-09	1.587569e-09	1.613054e+01	4.083061e+02
5.010000e-06	2.885455e-09	1.576571e-09	1.582723e+01	4.054345e+02
5.020000e-06	2.829916e-09	1.565576e-09	1.552258e+01	4.025261e+02
5.030000e-06	2.774184e-09	1.554001e-09	1.521686e+01	3.995773e+02
5.040000e-06	2.718301e-09	1.541723e-09	1.491031e+01	3.965840e+02
5.050000e-06	2.662296e-09	1.529385e-09	1.460310e+01	3.935424e+02
5.060000e-06	2.606182e-09	1.517316e-09	1.429528e+01	3.904487e+02
5.070000e-06	2.549956e-09	1.505074e-09	1.398685e+01	3.872998e+02
5.080000e-06	2.493612e-09	1.492406e-09	1.367778e+01	3.840929e+02
5.090000e-06	2.437143e-09	1.479444e-09	1.336802e+01	3.808258e+02
5.100000e-06	2.380539e-09	1.466521e-09	1.305752e+01	3.774972e+02
5.110000e-06	2.323785e-09	1.453679e-09	1.274620e+01	3.741060e+02
5.120000e-06	2.266862e-09	1.440410e-09	1.243395e+01	3.706517e+02
5.130000e-06	2.209764e-09	1.426167e-09	1.212075e+01	3.671341e+02
5.140000e-06	2.152490e-09	1.411281e-09	1.180657e+01	3.635531e+02
5.150000e-06	2.095040e-09	1.396618e-09	1.149143e+01	3.599082e+02
5.160000e-06	2.037422e-09	1.382272e-09	1.117538e+01	3.561990e+02
5.170000e-06	1.979653e-09	1.367556e-09	1.085849e+01	3.524244e+02
5.180000e-06	1.921749e-09	1.352186e-09	1.054086e+01	3.485827e+02
5.190000e-06	1.863725e-09	1.336642e-09	1.022257e+01	3.446717e+02
5.200000e-06	1.805583e-09	1.321152e-09	9.903635e+00	3.406885e+02
5.210000e-06	1.747325e-09	1.305179e-09	9.584060e+00	3.366299e+02
5.220000e-06	1.688948e-09	1.288573e-09	9.263838e+00	3.324920e+02
5.230000e-06	1.630451e-09	1.271462e-09	8.942958e+00	3.282708e+02
5.240000e-06	1.571835e-09	1.253834e-09	8.621423e+00	3.239624e+02
5.250000e-06	1.513100e-09	1.236180e-09	8.299237e+00	3.195628e+02
5.260000e-06	1.454245e-09	1.218701e-09	7.976390e+00	3.150685e+02
5.270000e-06	1.395270e-09	1.200892e-09	7.652890e+00	3.104763e+02
5.280000e-06	1.336180e-09	1.182509e-09	7.328754e+00	3.057840e+02
5.290000e-06	1.276976e-09	1.163799e-09	7.003994e+00	3.009898e+02
5.300000e-06	1.217674e-09	1.144897e-09	6.678699e+00	2.960924e+02
5.310000e-06	1.158291e-09	1.125359e-09	6.352956e+00	2.910916e+02
5.320000e-06	1.098839e-09	1.105013e-09	6.026837e+00	2.859873e+02
5.330000e-06	1.039330e-09	1.084403e-09	5.700406e+00	2.807800e+02
5.340000e-06	9.797693e-10	1.063997e-09	5.373686e+00	2.754700e+02
5.350000e-06	9.201541e-10	1.043873e-09	5.046667e+00	2.700578e+02
5.360000e-06	8.604858e-10	1.023603e-09	4.719358e+00	2.645435e+02
5.370000e-06	8.007740e-10	1.002332e-09	4.391811e+00	2.589267e+02
5.380000e-06	7.410205e-10	9.799076e-10	4.064032e+00	2.532064e+02
5.390000e-06	6.812245e-10	9.569584e-10	3.736020e+00	2.473805e+02
5.400000e-06	6.213922e-10	9.337425e-10	3.407809e+00	2.414462e+02
5.410000e-06	5.615293e-10	9.101101e-10	3.079431e+00	2.354000e+02
5.420000e-06	5.016355e-10	8.861736e-10	2.750883e+00	2.292370e+02
5.430000e-06	4.417163e-10	8.622949e-10	2.422195e+00	2.229521e+02
5.440000e-06	3.817790e-10	8.384622e-10	2.093410e+00	2.165394e+02
5.450000e-06	3.218284e-10	8.140296e-10	1.764553e+00	2.099926e+02
5.460000e-06	2.618695e-10	7.884734e-10	1.435651e+00	2.033054e+02
5.470000e-06	2.019107e-10	7.618369e-10	1.106749e+00	1.964720e+02
5.480000e-06	1.419552e-10	7.344304e-10	7.778649e-01	1.894866e+02
5.490000e-06	8.200420e-11	7.066820e-10	4.490035e-01	1.823447e+02
5.500000e-06	2.205529e-11	6.784333e-10	1.201540e-01	1.750427e+02
5.510000e-06	-3.789429e-11	6.492240e-10	-2.086985e-01	1.675785e+02
5.520000e-06	-9.784326e-11	6.192647e-10	-5.375476e-01	1.599513e+02
5.530000e-06	-1.577910e-10	5.890664e-10	-8.663904e-01	1.521623e+02
5.540000e-06	-2.177349e-10	5.584954e-10	-1.195212e+00	1.442141e+02
5.550000e-06	-2.776745e-10	5.271529e-10	-1.524011e+00	1.361114e+02
5.560000e-06	-3.376057e-10	4.947570e-10	-1.852762e+00	1.278602e+02
5.570000e-06	-3.975207e-10	4.614473e-10	-2.181424e+00	1.194682e+02
5.580000e-06	-4.574165e-10	4.278815e-10	-2.509981e+00	1.109444e+02
5.590000e-06	-5.172892e-10	3.942768e-10	-2.838410e+00	1.022987e+02
5.600000e-06	-5.771330e-10	3.603634e-10	-3.166680e+00	9.354179e+01
5.610000e-06	-6.369398e-10	3.259786e-10	-3.494746e+00	8.468462e+01
5.620000e-06	-6.967013e-10	2.912529e-10	-3.822565e+00	7.573826e+01
5.630000e-06	-7.564167e-10	2.563518e-10	-4.150133e+00	6.671347e+01
5.640000e-06	-8.160882e-10	2.211737e-10	-4.477459e+00	5.762045e+01
5.650000e-06	-8.757140e-10	1.856706e-10	-4.804535e+00	4.846859e+01
5.660000e-06	-9.352910e-10	1.500833e-10	-5.131341e+00	3.926631e+01
5.670000e-06	-9.948173e-10	1.145452e-10	-5.457866e+00	3.002095e+01
5.680000e-06	-1.054286e-09	7.896621e-11	-5.784076e+00	2.073879e+01
5.690000e-06	-1.113683e-09	4.331202e-11	-6.109895e+00	1.142508e+01
5.700000e-06	-1.173003e-09	7.160812e-12	-6.435286e+00	2.084190e+00
5.710000e-06	-1.232236e-09	-2.964098e-11	-6.760205e+00	-7.280176e+00
5.720000e-06	-1.291373e-09	-6.641975e-11	-7.084592e+00	-1.666475e+01
5.730000e-06	-1.350409e-09	-1.028420e-10	-7.408423e+00	-2.606641e+01
5.740000e-06	-1.409332e-09	-1.390653e-10	-7.731639e+00	-3.548191e+01
5.750000e-06	-1.468131e-09	-1.751832e-10	-8.054173e+00	-4.490761e+01
5.760000e-06	-1.526806e-09	-2.113953e-10	-8.376027e+00	-5.433925e+01
5.770000e-06	-1.585363e-09	-2.477152e-10	-8.697234e+00	-6.377175e+01
5.780000e-06	-1.643798e-09	-2.840027e-10	-9.017774e+00	-7.319915e+01
5.790000e-06	-1.702114e-09	-3.206904e-10	-9.337659e+00	-8.261451e+01
5.800000e-06	-1.760318e-09	-3.578724e-10	-9.656927e+00	-9.201000e+01
5.810000e-06	-1.818406e-09	-3.949172e-10	-9.975560e+00	-1.013770e+02
5.820000e-06	-1.876368e-09	-4.315279e-10	-1.029350e+01	-1.107063e+02
5.830000e-06	-1.934197e-09	-4.678215e-10	-1.061072e+01	-1.199882e+02
5.840000e-06	-1.991883e-09	-5.037969e-10	-1.092714e+01	-1.292130e+02
5.850000e-06	-2.049410e-09	-5.391777e-10	-1.124270e+01	-1.383709e+02
5.860000e-06	-2.106764e-09	-5.738244e-10	-1.155731e+01	-1.474528e+02
5.870000e-06	-2.163936e-09	-6.082595e-10	-1.187091e+01	-1.564498e+02
5.880000e-06	-2.220929e-09	-6.428826e-10	-1.218354e+01	-1.653541e+02
5.890000e-06	-2.277749e-09	-6.777314e-10	-1.249522e+01	-1.741583e+02
5.900000e-06	-2.334402e-09	-7.125790e-10	-1.280598e+01	-1.828564e+02
5.910000e-06	-2.390902e-09	-7.467676e-10	-1.311590e+01	-1.914430e+02
5.920000e-06	-2.447267e-09	-7.800372e-10	-1.342509e+01	-1.999137e+02
5.930000e-06	-2.503516e-09	-8.126565e-10	-1.373364e+01	-2.082646e+02
5.940000e-06	-2.559660e-09	-8.444672e-10	-1.404162e+01	-2.164926e+02
5.950000e-06	-2.615702e-09	-8.753357e-10	-1.434903e+01	-2.245951e+02
5.960000e-06	-2.671637e-09	-9.057918e-10	-1.465585e+01	-2.325697e+02
5.970000e-06	-2.727444e-09	-9.361765e-10	-1.496198e+01	-2.404142e+02
5.980000e-06	-2.783086e-09	-9.667141e-10	-1.526719e+01	-2.481265e+02
5.990000e-06	-2.838517e-09	-9.975834e-10	-1.557125e+01	-2.557046e+02
6.000000e-06	-2.893688e-09	-1.028156e-09	-1.587388e+01	-2.631467e+02
6.010000e-06	-2.948549e-09	-1.057243e-09	-1.617480e+01	-2.704507e+02
6.020000e-06	-3.003059e-09	-1.084580e-09	-1.647380e+01	-2.776151e+02
6.030000e-06	-3.057192e-09	-1.110796e-09	-1.677072e+01	-2.846384e+02
6.040000e-06	-3.110938e-09	-1.136435e-09	-1.706553e+01	-2.915192e+02
6.050000e-06	-3.164315e-09	-1.161825e-09	-1.735832e+01	-2.982569e+02
6.060000e-06	-3.217359e-09	-1.187461e-09	-1.764928e+01	-3.048509e+02
6.070000e-06	-3.270109e-09	-1.213538e-09	-1.793862e+01	-3.113014e+02
6.080000e-06	-3.322599e-09	-1.239557e-09	-1.822655e+01	-3.176088e+02
6.090000e-06	-3.374858e-09	-1.264655e-09	-1.851321e+01	-3.237739e+02
6.100000e-06	-3.426906e-09	-1.288204e-09	-1.879871e+01	-3.297980e+02
6.110000e-06	-3.478735e-09	-1.310259e-09	-1.908301e+01	-3.356824e+02
6.120000e-06	-3.530323e-09	-1.331226e-09	-1.936599e+01	-3.414282e+02
6.130000e-06	-3.581645e-09	-1.352132e-09	-1.964751e+01	-3.470369e+02
6.140000e-06	-3.632677e-09	-1.373552e-09	-1.992744e+01	-3.525092e+02
6.150000e-06	-3.683410e-09	-1.394868e-09	-2.020573e+01	-3.578461e+02
6.160000e-06	-3.733849e-09	-1.415829e-09	-2.048240e+01	-3.630477e+02
6.170000e-06	-3.783988e-09	-1.436520e-09	-2.075743e+01	-3.681140e+02
6.180000e-06	-3.833813e-09	-1.456393e-09	-2.103074e+01	-3.730448e+02
6.190000e-06	-3.883286e-09	-1.475162e-09	-2.130211e+01	-3.778395e+02
6.200000e-06	-3.932364e-09	-1.493010e-09	-2.157131e+01	-3.824976e+02
6.210000e-06	-3.981008e-09	-1.510192e-09	-2.183813e+01	-3.870189e+02
6.220000e-06	-4.029215e-09	-1.527206e-09	-2.210256e+01	-3.914035e+02
6.230000e-06	-4.077017e-09	-1.544368e-09	-2.236476e+01	-3.956521e+02
6.240000e-06	-4.124451e-09	-1.561151e-09	-2.262495e+01	-3.997662e+02
6.250000e-06	-4.171563e-09	-1.577067e-09	-2.288338e+01	-4.037482e+02
6.260000e-06	-4.218404e-09	-1.592365e-09	-2.314032e+01	-4.076015e+02
6.270000e-06	-4.265016e-09	-1.607252e-09	-2.339601e+01	-4.113305e+02
6.280000e-06	-4.311412e-09	-1.621778e-09	-2.365051e+01	-4.149406e+02
6.290000e-06	-4.357582e-09	-1.635790e-09	-2.390377e+01	-4.184380e+02
6.300000e-06	-4.403499e-09	-1.648950e-09	-2.415564e+01	-4.218293e+02
6.310000e-06	-4.449119e-09	-1.661768e-09	-2.440588e+01	-4.251217e+02
6.320000e-06	-4.494401e-09	-1.674677e-09	-2.465427e+01	-4.283226e+02
6.330000e-06	-4.539340e-09	-1.687124e-09	-2.490077e+01	-4.314390e+02
6.340000e-06	-4.583966e-09	-1.699140e-09	-2.514556e+01	-4.344777e+02
6.350000e-06	-4.628332e-09	-1.710920e-09	-2.538893e+01	-4.374449e+02
6.360000e-06	-4.672493e-09	-1.722325e-09	-2.563117e+01	-4.403458e+02
6.370000e-06	-4.716472e-09	-1.733473e-09	-2.587242e+01	-4.431852e+02
6.380000e-06	-4.760244e-09	-1.744327e-09	-2.611253e+01	-4.459665e+02
6.390000e-06	-4.803741e-09	-1.754785e-09	-2.635112e+01	-4.486928e+02
6.400000e-06	-4.846899e-09	-1.764820e-09	-2.658785e+01	-4.513661e+02
6.410000e-06	-4.889692e-09	-1.774514e-09	-2.682259e+01	-4.539880e+02
6.420000e-06	-4.932133e-09	-1.784278e-09	-2.705539e+01	-4.565595e+02
6.430000e-06	-4.974242e-09	-1.794346e-09	-2.728636e+01	-4.590815e+02
6.440000e-06	-5.016017e-09	-1.804341e-09	-2.751551e+01	-4.615549e+02
6.450000e-06	-5.057432e-09	-1.813864e-09	-2.774269e+01	-4.639804e+02
6.460000e-06	-5.098464e-09	-1.823144e-09	-2.796776e+01	-4.663590e+02
6.470000e-06	-5.139132e-09	-1.832324e-09	-2.819084e+01	-4.686919e+02
6.480000e-06	-5.179499e-09	-1.841167e-09	-2.841227e+01	-4.709805e+02
6.490000e-06	-5.219631e-09	-1.849674e-09	-2.863241e+01	-4.732264e+02
6.500000e-06	-5.259539e-09	-1.857818e-09	-2.885132e+01	-4.754313e+02
6.510000e-06	-5.299167e-09	-1.865817e-09	-2.906870e+01	-4.775968e+02
6.520000e-06	-5.338407e-09	-1.874059e-09	-2.928393e+01	-4.797246e+02
6.530000e-06	-5.377131e-09	-1.882663e-09	-2.949634e+01	-4.818158e+02
6.540000e-06	-5.415237e-09	-1.891221e-09	-2.970536e+01	-4.838717e+02
6.550000e-06	-5.452700e-09	-1.899154e-09	-2.991084e+01	-4.858930e+02
6.560000e-06	-5.489597e-09	-1.906548e-09	-3.011323e+01	-4.878800e+02
6.570000e-06	-5.526065e-09	-1.913719e-09	-3.031327e+01	-4.898329e+02
6.580000e-06	-5.562229e-09	-1.920846e-09	-3.051165e+01	-4.917516e+02
6.590000e-06	-5.598136e-09	-1.928013e-09	-3.070861e+01	-4.936359e+02
6.600000e-06	-5.633749e-09	-1.935128e-09	-3.090396e+01	-4.954853e+02
6.610000e-06	-5.668991e-09	-1.942336e-09	-3.109727e+01	-4.972999e+02
6.620000e-06	-5.703817e-09	-1.949644e-09	-3.128830e+01	-4.990796e+02
6.630000e-06	-5.738224e-09	-1.956473e-09	-3.147704e+01	-5.008247e+02
6.640000e-06	-5.772225e-09	-1.962637e-09	-3.166354e+01	-5.025359e+02
6.650000e-06	-5.805812e-09	-1.968462e-09	-3.184777e+01	-5.042142e+02
6.660000e-06	-5.838961e-09	-1.974293e-09	-3.202960e+01	-5.058606e+02
6.670000e-06	-5.871691e-09	-1.980281e-09	-3.220914e+01	-5.074767e+02
6.680000e-06	-5.904071e-09	-1.986441e-09	-3.238675e+01	-5.090639e+02
6.690000e-06	-5.936151e-09	-1.992644e-09	-3.256272e+01	-5.106236e+02
6.700000e-06	-5.967899e-09	-1.998683e-09	-3.273686e+01	-5.121570e+02
6.710000e-06	-5.999199e-09	-2.004580e-09	-3.290854e+01	-5.136651e+02
6.720000e-06	-6.029911e-09	-2.010485e-09	-3.307699e+01	-5.151483e+02
6.730000e-06	-6.059943e-09	-2.016045e-09	-3.324171e+01	-5.166067e+02
6.740000e-06	-6.089304e-09	-2.021035e-09	-3.340275e+01	-5.180399e+02
6.750000e-06	-6.118099e-09	-2.026024e-09	-3.356069e+01	-5.194470e+02
6.760000e-06	-6.146485e-09	-2.031373e-09	-3.371640e+01	-5.208269e+02
6.770000e-06	-6.174581e-09	-2.036811e-09	-3.387051e+01	-5.221785e+02
6.780000e-06	-6.202391e-09	-2.042033e-09	-3.402306e+01	-5.235004e+02
6.790000e-06	-6.229830e-09	-2.047025e-09	-3.417357e+01	-5.247915e+02
6.800000e-06	-6.256814e-09	-2.051801e-09	-3.432158e+01	-5.260509e+02
6.810000e-06	-6.283325e-09	-2.056366e-09	-3.446699e+01	-5.272785e+02
6.820000e-06	-6.309373e-09	-2.060786e-09	-3.460987e+01	-5.284742e+02
6.830000e-06	-6.334949e-09	-2.065192e-09	-3.475015e+01	-5.296389e+02
6.840000e-06	-6.360035e-09	-2.069622e-09	-3.488775e+01	-5.307738e+02
6.850000e-06	-6.384680e-09	-2.074041e-09	-3.502294e+01	-5.318805e+02
6.860000e-06	-6.408989e-09	-2.078598e-09	-3.515628e+01	-5.329611e+02
6.870000e-06	-6.433022e-09	-2.083101e-09	-3.528810e+01	-5.340176e+02
6.880000e-06	-6.456730e-09	-2.087103e-09	-3.541814e+01	-5.350521e+02
6.890000e-06	-6.479969e-09	-2.090812e-09	-3.554560e+01	-5.360662e+02
6.900000e-06	-6.502572e-09	-2.094655e-09	-3.566957e+01	-5.370615e+02
6.910000e-06	-6.524445e-09	-2.098551e-09	-3.578953e+01	-5.380387e+02
6.920000e-06	-6.545617e-09	-2.102220e-09	-3.590566e+01	-5.389981e+02
6.930000e-06	-6.566240e-09	-2.105722e-09	-3.601877e+01	-5.399393e+02
6.940000e-06	-6.586484e-09	-2.109365e-09	-3.612981e+01	-5.408614e+02
6.950000e-06	-6.606416e-09	-2.112978e-09	-3.623914e+01	-5.417631e+02
6.960000e-06	-6.625977e-09	-2.116174e-09	-3.634643e+01	-5.426430e+02
6.970000e-06	-6.645080e-09	-2.119133e-09	-3.645120e+01	-5.434993e+02
6.980000e-06	-6.663704e-09	-2.122126e-09	-3.655336e+01	-5.443307e+02
6.990000e-06	-6.681887e-09	-2.125070e-09	-3.665309e+01	-5.451362e+02
7.000000e-06	-6.699637e-09	-2.128055e-09	-3.675045e+01	-5.459150e+02
7.010000e-06	-6.716916e-09	-2.131132e-09	-3.684522e+01	-5.466673e+02
7.020000e-06	-6.733723e-09	-2.134084e-09	-3.693741e+01	-5.473935e+02
7.030000e-06	-6.750141e-09	-2.136985e-09	-3.702746e+01	-5.480950e+02
7.040000e-06	-6.766245e-09	-2.139843e-09	-3.711579e+01	-5.487732e+02
7.050000e-06	-6.781979e-09	-2.142484e-09	-3.720209e+01	-5.494302e+02
7.060000e-06	-6.797133e-09	-2.145198e-09	-3.728520e+01	-5.500679e+02
7.070000e-06	-6.811505e-09	-2.148105e-09	-3.736402e+01	-5.506883e+02
7.080000e-06	-6.825072e-09	-2.150727e-09	-3.743842e+01	-5.512927e+02
7.090000e-06	-6.837958e-09	-2.152906e-09	-3.750910e+01	-5.518821e+02
7.100000e-06	-6.850312e-09	-2.155144e-09	-3.757686e+01	-5.524570e+02
7.110000e-06	-6.862198e-09	-2.157489e-09	-3.764205e+01	-5.530168e+02
7.120000e-06	-6.873584e-09	-2.159539e-09	-3.770450e+01	-5.535605e+02
7.130000e-06	-6.884448e-09	-2.161516e-09	-3.776409e+01	-5.540862e+02
7.140000e-06	-6.894831e-09	-2.163676e-09	-3.782103e+01	-5.545919e+02
7.150000e-06	-6.904767e-09	-2.165668e-09	-3.787553e+01	-5.550752e+02
7.160000e-06	-6.914231e-09	-2.167325e-09	-3.792743e+01	-5.555338e+02
7.170000e-06	-6.923194e-09	-2.168907e-09	-3.797658e+01	-5.559657e+02
7.180000e-06	-6.931716e-09	-2.170332e-09	-3.802332e+01	-5.563695e+02
7.190000e-06	-6.939900e-09	-2.171562e-09	-3.806821e+01	-5.567444e+02
7.200000e-06	-6.947760e-09	-2.173006e-09	-3.811132e+01	-5.570907e+02
7.210000e-06	-6.955166e-09	-2.174686e-09	-3.815193e+01	-5.574094e+02
7.220000e-06	-6.961922e-09	-2.176173e-09	-3.818897e+01	-5.577024e+02
7.230000e-06	-6.967907e-09	-2.177639e-09	-3.822179e+01	-5.579724e+02
7.240000e-06	-6.973145e-09	-2.179199e-09	-3.825051e+01	-5.582223e+02
7.250000e-06	-6.977793e-09	-2.180061e-09	-3.827600e+01	-5.584554e+02
7.260000e-06	-6.982042e-09	-2.180387e-09	-3.829930e+01	-5.586749e+02
7.270000e-06	-6.985957e-09	-2.180763e-09	-3.832077e+01	-5.588833e+02
7.280000e-06	-6.989474e-09	-2.181236e-09	-3.834005e+01	-5.590827e+02
7.290000e-06	-6.992511e-09	-2.182369e-09	-3.835670e+01	-5.592743e+02
7.300000e-06	-6.995068e-09	-2.183861e-09	-3.837071e+01	-5.594580e+02
7.310000e-06	-6.997203e-09	-2.184812e-09	-3.838242e+01	-5.596330e+02
7.320000e-06	-6.998881e-09	-2.185394e-09	-3.839161e+01	-5.597974e+02
7.330000e-06	-6.999987e-09	-2.186273e-09	-3.839766e+01	-5.599485e+02
7.340000e-06	-7.000610e-09	-2.187178e-09	-3.840108e+01	-5.600833e+02
