# Temperatura_=_3.1982905982905985
# Concentracion g/m^3_=_11700.0
# C_Vs_to_Am_M_A/Vsm_=_254322799225.57578
# pendiente_HvsI_1/m_=_3716.3
# ordenada_HvsI_A/m_=_1297.0
# frecuencia_Hz_=_136150.61280648506
# Promedio de 702 ciclos

Tiempo_(s)	Campo_(V.s)	Magnetizacion_(V.s)	Campo_(kA/m)	Magnetizacion_(A/m)
0.000000e+00	-7.002378e-09	-2.021768e-09	-3.840090e+01	-5.146483e+02
1.000000e-08	-7.002529e-09	-2.022926e-09	-3.840173e+01	-5.147440e+02
2.000000e-08	-7.002338e-09	-2.023768e-09	-3.840068e+01	-5.148165e+02
3.000000e-08	-7.001673e-09	-2.023387e-09	-3.839703e+01	-5.148633e+02
4.000000e-08	-7.000355e-09	-2.022764e-09	-3.838981e+01	-5.148830e+02
5.000000e-08	-6.998275e-09	-2.023302e-09	-3.837840e+01	-5.148749e+02
6.000000e-08	-6.995474e-09	-2.024644e-09	-3.836305e+01	-5.148396e+02
7.000000e-08	-6.992115e-09	-2.026883e-09	-3.834463e+01	-5.147786e+02
8.000000e-08	-6.988316e-09	-2.029401e-09	-3.832380e+01	-5.146946e+02
9.000000e-08	-6.983995e-09	-2.022140e-09	-3.830010e+01	-5.145909e+02
1.000000e-07	-6.978973e-09	-2.004697e-09	-3.827257e+01	-5.144714e+02
1.100000e-07	-6.973312e-09	-2.013601e-09	-3.824152e+01	-5.143398e+02
1.200000e-07	-6.967321e-09	-2.053448e-09	-3.820867e+01	-5.141998e+02
1.300000e-07	-6.961132e-09	-2.044804e-09	-3.817473e+01	-5.140544e+02
1.400000e-07	-6.954517e-09	-1.987283e-09	-3.813845e+01	-5.139056e+02
1.500000e-07	-6.947304e-09	-1.995349e-09	-3.809890e+01	-5.137544e+02
1.600000e-07	-6.939653e-09	-2.060637e-09	-3.805694e+01	-5.136004e+02
1.700000e-07	-6.931698e-09	-2.048074e-09	-3.801332e+01	-5.134423e+02
1.800000e-07	-6.923247e-09	-1.974900e-09	-3.796697e+01	-5.132777e+02
1.900000e-07	-6.914101e-09	-1.991947e-09	-3.791682e+01	-5.131033e+02
2.000000e-07	-6.904379e-09	-2.065413e-09	-3.786350e+01	-5.129156e+02
2.100000e-07	-6.894233e-09	-2.040547e-09	-3.780786e+01	-5.127114e+02
2.200000e-07	-6.883503e-09	-1.968508e-09	-3.774902e+01	-5.124876e+02
2.300000e-07	-6.872044e-09	-2.002229e-09	-3.768618e+01	-5.122424e+02
2.400000e-07	-6.860006e-09	-2.062507e-09	-3.762017e+01	-5.119749e+02
2.500000e-07	-6.847475e-09	-2.012400e-09	-3.755145e+01	-5.116859e+02
2.600000e-07	-6.834351e-09	-1.964640e-09	-3.747948e+01	-5.113776e+02
2.700000e-07	-6.820628e-09	-2.022726e-09	-3.740423e+01	-5.110537e+02
2.800000e-07	-6.806333e-09	-2.041123e-09	-3.732584e+01	-5.107192e+02
2.900000e-07	-6.791324e-09	-1.974317e-09	-3.724353e+01	-5.103799e+02
3.000000e-07	-6.775531e-09	-1.983682e-09	-3.715693e+01	-5.100420e+02
3.100000e-07	-6.759149e-09	-2.038256e-09	-3.706709e+01	-5.097116e+02
3.200000e-07	-6.742342e-09	-1.995467e-09	-3.697492e+01	-5.093941e+02
3.300000e-07	-6.725112e-09	-1.959722e-09	-3.688043e+01	-5.090939e+02
3.400000e-07	-6.707497e-09	-2.022779e-09	-3.678384e+01	-5.088134e+02
3.500000e-07	-6.689508e-09	-2.029667e-09	-3.668518e+01	-5.085535e+02
3.600000e-07	-6.671017e-09	-1.959597e-09	-3.658378e+01	-5.083127e+02
3.700000e-07	-6.651969e-09	-1.979053e-09	-3.647933e+01	-5.080873e+02
3.800000e-07	-6.632478e-09	-2.037336e-09	-3.637244e+01	-5.078718e+02
3.900000e-07	-6.612654e-09	-1.990119e-09	-3.626372e+01	-5.076589e+02
4.000000e-07	-6.592476e-09	-1.952012e-09	-3.615307e+01	-5.074403e+02
4.100000e-07	-6.571890e-09	-2.008695e-09	-3.604018e+01	-5.072067e+02
4.200000e-07	-6.550853e-09	-2.012784e-09	-3.592481e+01	-5.069489e+02
4.300000e-07	-6.529337e-09	-1.960896e-09	-3.580682e+01	-5.066584e+02
4.400000e-07	-6.507367e-09	-1.984449e-09	-3.568634e+01	-5.063273e+02
4.500000e-07	-6.484954e-09	-2.008004e-09	-3.556343e+01	-5.059496e+02
4.600000e-07	-6.462064e-09	-1.963442e-09	-3.543790e+01	-5.055209e+02
4.700000e-07	-6.438726e-09	-1.963169e-09	-3.530992e+01	-5.050389e+02
4.800000e-07	-6.415034e-09	-1.998514e-09	-3.517999e+01	-5.045033e+02
4.900000e-07	-6.391024e-09	-1.972127e-09	-3.504832e+01	-5.039158e+02
5.000000e-07	-6.366613e-09	-1.950633e-09	-3.491445e+01	-5.032795e+02
5.100000e-07	-6.341640e-09	-1.979234e-09	-3.477751e+01	-5.025990e+02
5.200000e-07	-6.315950e-09	-1.974391e-09	-3.463662e+01	-5.018797e+02
5.300000e-07	-6.289490e-09	-1.949546e-09	-3.449152e+01	-5.011273e+02
5.400000e-07	-6.262379e-09	-1.962443e-09	-3.434284e+01	-5.003475e+02
5.500000e-07	-6.234831e-09	-1.964324e-09	-3.419177e+01	-4.995455e+02
5.600000e-07	-6.206983e-09	-1.943446e-09	-3.403905e+01	-4.987257e+02
5.700000e-07	-6.178838e-09	-1.949498e-09	-3.388471e+01	-4.978917e+02
5.800000e-07	-6.150325e-09	-1.955970e-09	-3.372834e+01	-4.970457e+02
5.900000e-07	-6.121383e-09	-1.939921e-09	-3.356963e+01	-4.961891e+02
6.000000e-07	-6.092011e-09	-1.937889e-09	-3.340855e+01	-4.953220e+02
6.100000e-07	-6.062235e-09	-1.942158e-09	-3.324526e+01	-4.944439e+02
6.200000e-07	-6.032059e-09	-1.930406e-09	-3.307978e+01	-4.935537e+02
6.300000e-07	-6.001451e-09	-1.927382e-09	-3.291192e+01	-4.926496e+02
6.400000e-07	-5.970404e-09	-1.931765e-09	-3.274166e+01	-4.917300e+02
6.500000e-07	-5.938986e-09	-1.922580e-09	-3.256937e+01	-4.907934e+02
6.600000e-07	-5.907277e-09	-1.915816e-09	-3.239548e+01	-4.898381e+02
6.700000e-07	-5.875267e-09	-1.918724e-09	-3.221994e+01	-4.888632e+02
6.800000e-07	-5.842853e-09	-1.914303e-09	-3.204219e+01	-4.878679e+02
6.900000e-07	-5.809900e-09	-1.907046e-09	-3.186147e+01	-4.868517e+02
7.000000e-07	-5.776305e-09	-1.904346e-09	-3.167724e+01	-4.858145e+02
7.100000e-07	-5.742049e-09	-1.899634e-09	-3.148938e+01	-4.847562e+02
7.200000e-07	-5.707201e-09	-1.895300e-09	-3.129828e+01	-4.836770e+02
7.300000e-07	-5.671901e-09	-1.893885e-09	-3.110470e+01	-4.825768e+02
7.400000e-07	-5.636289e-09	-1.888739e-09	-3.090940e+01	-4.814554e+02
7.500000e-07	-5.600420e-09	-1.881825e-09	-3.071270e+01	-4.803128e+02
7.600000e-07	-5.564268e-09	-1.878343e-09	-3.051444e+01	-4.791483e+02
7.700000e-07	-5.527757e-09	-1.875780e-09	-3.031422e+01	-4.779616e+02
7.800000e-07	-5.490814e-09	-1.871638e-09	-3.011163e+01	-4.767522e+02
7.900000e-07	-5.453439e-09	-1.865835e-09	-2.990666e+01	-4.755196e+02
8.000000e-07	-5.415676e-09	-1.860000e-09	-2.969957e+01	-4.742638e+02
8.100000e-07	-5.377519e-09	-1.856377e-09	-2.949032e+01	-4.729848e+02
8.200000e-07	-5.338923e-09	-1.853007e-09	-2.927866e+01	-4.716833e+02
8.300000e-07	-5.299908e-09	-1.847441e-09	-2.906470e+01	-4.703602e+02
8.400000e-07	-5.260571e-09	-1.841727e-09	-2.884898e+01	-4.690168e+02
8.500000e-07	-5.220989e-09	-1.836422e-09	-2.863191e+01	-4.676548e+02
8.600000e-07	-5.181171e-09	-1.831118e-09	-2.841355e+01	-4.662761e+02
8.700000e-07	-5.141083e-09	-1.826720e-09	-2.819371e+01	-4.648825e+02
8.800000e-07	-5.100675e-09	-1.821921e-09	-2.797211e+01	-4.634756e+02
8.900000e-07	-5.059898e-09	-1.815313e-09	-2.774849e+01	-4.620565e+02
9.000000e-07	-5.018673e-09	-1.809821e-09	-2.752242e+01	-4.606258e+02
9.100000e-07	-4.976884e-09	-1.806112e-09	-2.729325e+01	-4.591834e+02
9.200000e-07	-4.934456e-09	-1.800909e-09	-2.706058e+01	-4.577284e+02
9.300000e-07	-4.891456e-09	-1.793886e-09	-2.682477e+01	-4.562587e+02
9.400000e-07	-4.848052e-09	-1.787608e-09	-2.658675e+01	-4.547719e+02
9.500000e-07	-4.804376e-09	-1.781846e-09	-2.634723e+01	-4.532647e+02
9.600000e-07	-4.760456e-09	-1.775781e-09	-2.610637e+01	-4.517334e+02
9.700000e-07	-4.716275e-09	-1.769545e-09	-2.586408e+01	-4.501743e+02
9.800000e-07	-4.671824e-09	-1.762839e-09	-2.562031e+01	-4.485835e+02
9.900000e-07	-4.627088e-09	-1.755566e-09	-2.537498e+01	-4.469578e+02
1.000000e-06	-4.582039e-09	-1.748685e-09	-2.512794e+01	-4.452947e+02
1.010000e-06	-4.536659e-09	-1.742208e-09	-2.487908e+01	-4.435925e+02
1.020000e-06	-4.490948e-09	-1.735481e-09	-2.462840e+01	-4.418504e+02
1.030000e-06	-4.444918e-09	-1.728567e-09	-2.437597e+01	-4.400688e+02
1.040000e-06	-4.398567e-09	-1.721848e-09	-2.412179e+01	-4.382491e+02
1.050000e-06	-4.351886e-09	-1.715216e-09	-2.386579e+01	-4.363936e+02
1.060000e-06	-4.304869e-09	-1.708168e-09	-2.360795e+01	-4.345053e+02
1.070000e-06	-4.257541e-09	-1.700407e-09	-2.334840e+01	-4.325875e+02
1.080000e-06	-4.209958e-09	-1.691938e-09	-2.308746e+01	-4.306435e+02
1.090000e-06	-4.162155e-09	-1.683676e-09	-2.282531e+01	-4.286766e+02
1.100000e-06	-4.114117e-09	-1.676520e-09	-2.256187e+01	-4.266896e+02
1.110000e-06	-4.065799e-09	-1.669805e-09	-2.229690e+01	-4.246842e+02
1.120000e-06	-4.017170e-09	-1.662164e-09	-2.203023e+01	-4.226616e+02
1.130000e-06	-3.968190e-09	-1.654059e-09	-2.176162e+01	-4.206219e+02
1.140000e-06	-3.918783e-09	-1.646325e-09	-2.149068e+01	-4.185643e+02
1.150000e-06	-3.868882e-09	-1.638574e-09	-2.121703e+01	-4.164870e+02
1.160000e-06	-3.818511e-09	-1.630162e-09	-2.094080e+01	-4.143877e+02
1.170000e-06	-3.767755e-09	-1.621262e-09	-2.066246e+01	-4.122637e+02
1.180000e-06	-3.716659e-09	-1.612273e-09	-2.038225e+01	-4.101122e+02
1.190000e-06	-3.665238e-09	-1.603955e-09	-2.010026e+01	-4.079303e+02
1.200000e-06	-3.613510e-09	-1.596380e-09	-1.981659e+01	-4.057159e+02
1.210000e-06	-3.561509e-09	-1.588547e-09	-1.953142e+01	-4.034671e+02
1.220000e-06	-3.509258e-09	-1.579685e-09	-1.924487e+01	-4.011831e+02
1.230000e-06	-3.456760e-09	-1.570622e-09	-1.895698e+01	-3.988636e+02
1.240000e-06	-3.404003e-09	-1.561781e-09	-1.866766e+01	-3.965092e+02
1.250000e-06	-3.350987e-09	-1.552562e-09	-1.837693e+01	-3.941211e+02
1.260000e-06	-3.297737e-09	-1.542820e-09	-1.808491e+01	-3.917010e+02
1.270000e-06	-3.244278e-09	-1.532402e-09	-1.779174e+01	-3.892508e+02
1.280000e-06	-3.190622e-09	-1.522029e-09	-1.749750e+01	-3.867724e+02
1.290000e-06	-3.136767e-09	-1.512593e-09	-1.720216e+01	-3.842674e+02
1.300000e-06	-3.082711e-09	-1.503197e-09	-1.690572e+01	-3.817369e+02
1.310000e-06	-3.028445e-09	-1.492840e-09	-1.660813e+01	-3.791814e+02
1.320000e-06	-2.973960e-09	-1.482120e-09	-1.630933e+01	-3.766007e+02
1.330000e-06	-2.919236e-09	-1.471851e-09	-1.600923e+01	-3.739936e+02
1.340000e-06	-2.864269e-09	-1.461801e-09	-1.570779e+01	-3.713581e+02
1.350000e-06	-2.809080e-09	-1.451618e-09	-1.540514e+01	-3.686918e+02
1.360000e-06	-2.753703e-09	-1.440911e-09	-1.510145e+01	-3.659914e+02
1.370000e-06	-2.698174e-09	-1.429489e-09	-1.479694e+01	-3.632537e+02
1.380000e-06	-2.642521e-09	-1.418181e-09	-1.449173e+01	-3.604750e+02
1.390000e-06	-2.586762e-09	-1.407577e-09	-1.418595e+01	-3.576521e+02
1.400000e-06	-2.530913e-09	-1.396808e-09	-1.387967e+01	-3.547818e+02
1.410000e-06	-2.474974e-09	-1.385349e-09	-1.357290e+01	-3.518614e+02
1.420000e-06	-2.418934e-09	-1.373859e-09	-1.326558e+01	-3.488889e+02
1.430000e-06	-2.362776e-09	-1.362279e-09	-1.295761e+01	-3.458625e+02
1.440000e-06	-2.306477e-09	-1.350237e-09	-1.264887e+01	-3.427812e+02
1.450000e-06	-2.250012e-09	-1.337602e-09	-1.233922e+01	-3.396440e+02
1.460000e-06	-2.193350e-09	-1.324447e-09	-1.202849e+01	-3.364504e+02
1.470000e-06	-2.136463e-09	-1.311026e-09	-1.171653e+01	-3.331998e+02
1.480000e-06	-2.079323e-09	-1.298180e-09	-1.140318e+01	-3.298914e+02
1.490000e-06	-2.021915e-09	-1.286103e-09	-1.108836e+01	-3.265241e+02
1.500000e-06	-1.964245e-09	-1.273746e-09	-1.077210e+01	-3.230964e+02
1.510000e-06	-1.906338e-09	-1.260479e-09	-1.045454e+01	-3.196061e+02
1.520000e-06	-1.848221e-09	-1.246690e-09	-1.013583e+01	-3.160507e+02
1.530000e-06	-1.789904e-09	-1.232576e-09	-9.816027e+00	-3.124268e+02
1.540000e-06	-1.731394e-09	-1.217994e-09	-9.495157e+00	-3.087307e+02
1.550000e-06	-1.672700e-09	-1.202987e-09	-9.173285e+00	-3.049584e+02
1.560000e-06	-1.613832e-09	-1.187904e-09	-8.850457e+00	-3.011059e+02
1.570000e-06	-1.554804e-09	-1.172968e-09	-8.526752e+00	-2.971689e+02
1.580000e-06	-1.495636e-09	-1.158063e-09	-8.202274e+00	-2.931436e+02
1.590000e-06	-1.436342e-09	-1.142835e-09	-7.877114e+00	-2.890265e+02
1.600000e-06	-1.376937e-09	-1.126765e-09	-7.551336e+00	-2.848148e+02
1.610000e-06	-1.317430e-09	-1.109717e-09	-7.225002e+00	-2.805061e+02
1.620000e-06	-1.257842e-09	-1.092013e-09	-6.898223e+00	-2.760989e+02
1.630000e-06	-1.198187e-09	-1.074070e-09	-6.571076e+00	-2.715922e+02
1.640000e-06	-1.138472e-09	-1.056044e-09	-6.243595e+00	-2.669857e+02
1.650000e-06	-1.078708e-09	-1.037695e-09	-5.915852e+00	-2.622792e+02
1.660000e-06	-1.018912e-09	-1.018860e-09	-5.587928e+00	-2.574731e+02
1.670000e-06	-9.590895e-10	-9.997684e-10	-5.259862e+00	-2.525675e+02
1.680000e-06	-8.992394e-10	-9.802265e-10	-4.931644e+00	-2.475627e+02
1.690000e-06	-8.393594e-10	-9.599142e-10	-4.603261e+00	-2.424585e+02
1.700000e-06	-7.794468e-10	-9.390472e-10	-4.274700e+00	-2.372540e+02
1.710000e-06	-7.195019e-10	-9.177771e-10	-3.945963e+00	-2.319479e+02
1.720000e-06	-6.595293e-10	-8.961628e-10	-3.617074e+00	-2.265383e+02
1.730000e-06	-5.995262e-10	-8.744451e-10	-3.288018e+00	-2.210222e+02
1.740000e-06	-5.394900e-10	-8.523520e-10	-2.958780e+00	-2.153962e+02
1.750000e-06	-4.794231e-10	-8.293162e-10	-2.629374e+00	-2.096563e+02
1.760000e-06	-4.193265e-10	-8.054169e-10	-2.299805e+00	-2.037979e+02
1.770000e-06	-3.592046e-10	-7.810329e-10	-1.970098e+00	-1.978163e+02
1.780000e-06	-2.990679e-10	-7.563266e-10	-1.640309e+00	-1.917065e+02
1.790000e-06	-2.389216e-10	-7.313914e-10	-1.310467e+00	-1.854638e+02
1.800000e-06	-1.787752e-10	-7.059948e-10	-9.806252e-01	-1.790837e+02
1.810000e-06	-1.186368e-10	-6.800205e-10	-6.508273e-01	-1.725624e+02
1.820000e-06	-5.850410e-11	-6.537620e-10	-3.210608e-01	-1.658967e+02
1.830000e-06	1.625379e-12	-6.272301e-10	8.687416e-03	-1.590844e+02
1.840000e-06	6.175390e-11	-5.998660e-10	3.384307e-01	-1.521244e+02
1.850000e-06	1.218835e-10	-5.715299e-10	6.681798e-01	-1.450167e+02
1.860000e-06	1.820151e-10	-5.427737e-10	9.979396e-01	-1.377625e+02
1.870000e-06	2.421452e-10	-5.138749e-10	1.327691e+00	-1.303644e+02
1.880000e-06	3.022696e-10	-4.845382e-10	1.657410e+00	-1.228263e+02
1.890000e-06	3.623866e-10	-4.544556e-10	1.987090e+00	-1.151533e+02
1.900000e-06	4.224934e-10	-4.237845e-10	2.316714e+00	-1.073515e+02
1.910000e-06	4.825813e-10	-3.926034e-10	2.646235e+00	-9.942841e+01
1.920000e-06	5.426426e-10	-3.606768e-10	2.975611e+00	-9.139216e+01
1.930000e-06	6.026737e-10	-3.283779e-10	3.304823e+00	-8.325173e+01
1.940000e-06	6.626691e-10	-2.959687e-10	3.633838e+00	-7.501662e+01
1.950000e-06	7.226286e-10	-2.631685e-10	3.962656e+00	-6.669664e+01
1.960000e-06	7.825534e-10	-2.301924e-10	4.291284e+00	-5.830171e+01
1.970000e-06	8.424420e-10	-1.971692e-10	4.619713e+00	-4.984159e+01
1.980000e-06	9.022955e-10	-1.637381e-10	4.947950e+00	-4.132572e+01
1.990000e-06	9.621138e-10	-1.299402e-10	5.275994e+00	-3.276303e+01
2.000000e-06	1.021897e-09	-9.617452e-11	5.603848e+00	-2.416175e+01
2.010000e-06	1.081647e-09	-6.219459e-11	5.931519e+00	-1.552935e+01
2.020000e-06	1.141354e-09	-2.775633e-11	6.258953e+00	-6.872492e+00
2.030000e-06	1.201012e-09	6.882123e-12	6.586113e+00	1.803008e+00
2.040000e-06	1.260613e-09	4.158961e-11	6.912970e+00	1.049207e+01
2.050000e-06	1.320147e-09	7.619034e-11	7.239452e+00	1.919023e+01
2.060000e-06	1.379597e-09	1.104150e-10	7.565478e+00	2.789352e+01
2.070000e-06	1.438948e-09	1.444489e-10	7.890957e+00	3.659820e+01
2.080000e-06	1.498179e-09	1.783047e-10	8.215779e+00	4.530059e+01
2.090000e-06	1.557270e-09	2.119219e-10	8.539830e+00	5.399681e+01
2.100000e-06	1.616205e-09	2.459218e-10	8.863028e+00	6.268260e+01
2.110000e-06	1.674974e-09	2.806295e-10	9.185317e+00	7.135311e+01
2.120000e-06	1.733568e-09	3.154496e-10	9.506643e+00	8.000280e+01
2.130000e-06	1.791982e-09	3.496024e-10	9.826979e+00	8.862533e+01
2.140000e-06	1.850205e-09	3.829999e-10	1.014627e+01	9.721362e+01
2.150000e-06	1.908214e-09	4.159946e-10	1.046439e+01	1.057598e+02
2.160000e-06	1.965998e-09	4.487364e-10	1.078128e+01	1.142556e+02
2.170000e-06	2.023544e-09	4.811964e-10	1.109685e+01	1.226921e+02
2.180000e-06	2.080841e-09	5.134429e-10	1.141107e+01	1.310603e+02
2.190000e-06	2.137889e-09	5.457832e-10	1.172392e+01	1.393514e+02
2.200000e-06	2.194696e-09	5.783326e-10	1.203544e+01	1.475568e+02
2.210000e-06	2.251280e-09	6.106969e-10	1.234574e+01	1.556686e+02
2.220000e-06	2.307665e-09	6.424156e-10	1.265496e+01	1.636797e+02
2.230000e-06	2.363881e-09	6.733409e-10	1.296325e+01	1.715837e+02
2.240000e-06	2.419953e-09	7.037946e-10	1.327074e+01	1.793757e+02
2.250000e-06	2.475902e-09	7.339580e-10	1.357757e+01	1.870518e+02
2.260000e-06	2.531744e-09	7.635739e-10	1.388380e+01	1.946091e+02
2.270000e-06	2.587484e-09	7.923349e-10	1.418948e+01	2.020458e+02
2.280000e-06	2.643117e-09	8.201784e-10	1.449457e+01	2.093610e+02
2.290000e-06	2.698623e-09	8.477522e-10	1.479897e+01	2.165548e+02
2.300000e-06	2.753979e-09	8.756873e-10	1.510254e+01	2.236275e+02
2.310000e-06	2.809163e-09	9.035699e-10	1.540517e+01	2.305800e+02
2.320000e-06	2.864148e-09	9.308433e-10	1.570671e+01	2.374132e+02
2.330000e-06	2.918916e-09	9.575377e-10	1.600706e+01	2.441282e+02
2.340000e-06	2.973466e-09	9.836527e-10	1.630620e+01	2.507256e+02
2.350000e-06	3.027799e-09	1.009123e-09	1.660417e+01	2.572061e+02
2.360000e-06	3.081920e-09	1.033945e-09	1.690097e+01	2.635698e+02
2.370000e-06	3.135831e-09	1.058219e-09	1.719661e+01	2.698166e+02
2.380000e-06	3.189533e-09	1.082182e-09	1.749111e+01	2.759460e+02
2.390000e-06	3.243016e-09	1.106017e-09	1.778441e+01	2.819569e+02
2.400000e-06	3.296268e-09	1.129828e-09	1.807644e+01	2.878482e+02
2.410000e-06	3.349277e-09	1.153557e-09	1.836714e+01	2.936185e+02
2.420000e-06	3.402034e-09	1.176768e-09	1.865647e+01	2.992661e+02
2.430000e-06	3.454540e-09	1.199074e-09	1.894441e+01	3.047892e+02
2.440000e-06	3.506795e-09	1.220515e-09	1.923098e+01	3.101860e+02
2.450000e-06	3.558801e-09	1.241041e-09	1.951617e+01	3.154547e+02
2.460000e-06	3.610545e-09	1.260615e-09	1.979993e+01	3.205935e+02
2.470000e-06	3.662000e-09	1.279576e-09	2.008211e+01	3.256007e+02
2.480000e-06	3.713123e-09	1.298416e-09	2.036247e+01	3.304748e+02
2.490000e-06	3.763855e-09	1.317400e-09	2.064069e+01	3.352143e+02
2.500000e-06	3.814154e-09	1.336142e-09	2.091652e+01	3.398184e+02
2.510000e-06	3.863987e-09	1.353947e-09	2.118981e+01	3.442864e+02
2.520000e-06	3.913357e-09	1.370536e-09	2.146055e+01	3.486181e+02
2.530000e-06	3.962295e-09	1.386069e-09	2.172892e+01	3.528139e+02
2.540000e-06	4.010862e-09	1.400816e-09	2.199526e+01	3.568751e+02
2.550000e-06	4.059131e-09	1.415071e-09	2.225997e+01	3.608034e+02
2.560000e-06	4.107165e-09	1.429069e-09	2.252339e+01	3.646017e+02
2.570000e-06	4.155000e-09	1.443047e-09	2.278572e+01	3.682735e+02
2.580000e-06	4.202632e-09	1.457139e-09	2.304693e+01	3.718234e+02
2.590000e-06	4.250021e-09	1.471372e-09	2.330681e+01	3.752568e+02
2.600000e-06	4.297117e-09	1.485071e-09	2.356509e+01	3.785796e+02
2.610000e-06	4.343883e-09	1.497478e-09	2.382155e+01	3.817986e+02
2.620000e-06	4.390305e-09	1.508852e-09	2.407613e+01	3.849209e+02
2.630000e-06	4.436406e-09	1.519708e-09	2.432895e+01	3.879537e+02
2.640000e-06	4.482204e-09	1.530403e-09	2.458011e+01	3.909043e+02
2.650000e-06	4.527707e-09	1.541365e-09	2.482965e+01	3.937797e+02
2.660000e-06	4.572906e-09	1.552759e-09	2.507752e+01	3.965864e+02
2.670000e-06	4.617784e-09	1.564255e-09	2.532363e+01	3.993302e+02
2.680000e-06	4.662344e-09	1.575846e-09	2.556800e+01	4.020162e+02
2.690000e-06	4.706620e-09	1.587169e-09	2.581081e+01	4.046485e+02
2.700000e-06	4.750665e-09	1.597266e-09	2.605235e+01	4.072303e+02
2.710000e-06	4.794518e-09	1.606474e-09	2.629284e+01	4.097641e+02
2.720000e-06	4.838172e-09	1.615864e-09	2.653224e+01	4.122515e+02
2.730000e-06	4.881552e-09	1.625538e-09	2.677014e+01	4.146934e+02
2.740000e-06	4.924538e-09	1.635412e-09	2.700588e+01	4.170906e+02
2.750000e-06	4.966995e-09	1.645447e-09	2.723871e+01	4.194433e+02
2.760000e-06	5.008835e-09	1.655199e-09	2.746816e+01	4.217519e+02
2.770000e-06	5.050060e-09	1.664260e-09	2.769424e+01	4.240168e+02
2.780000e-06	5.090756e-09	1.672841e-09	2.791742e+01	4.262386e+02
2.790000e-06	5.131048e-09	1.681316e-09	2.813838e+01	4.284183e+02
2.800000e-06	5.171052e-09	1.689462e-09	2.835776e+01	4.305571e+02
2.810000e-06	5.210829e-09	1.697295e-09	2.857590e+01	4.326567e+02
2.820000e-06	5.250372e-09	1.705519e-09	2.879275e+01	4.347186e+02
2.830000e-06	5.289620e-09	1.714271e-09	2.900799e+01	4.367448e+02
2.840000e-06	5.328500e-09	1.723001e-09	2.922121e+01	4.387369e+02
2.850000e-06	5.366978e-09	1.731195e-09	2.943222e+01	4.406965e+02
2.860000e-06	5.405059e-09	1.738731e-09	2.964106e+01	4.426247e+02
2.870000e-06	5.442746e-09	1.746120e-09	2.984773e+01	4.445223e+02
2.880000e-06	5.480032e-09	1.753893e-09	3.005221e+01	4.463895e+02
2.890000e-06	5.516908e-09	1.761539e-09	3.025444e+01	4.482261e+02
2.900000e-06	5.553398e-09	1.768543e-09	3.045456e+01	4.500314e+02
2.910000e-06	5.589570e-09	1.775477e-09	3.065292e+01	4.518046e+02
2.920000e-06	5.625489e-09	1.782592e-09	3.084990e+01	4.535445e+02
2.930000e-06	5.661173e-09	1.789511e-09	3.104560e+01	4.552501e+02
2.940000e-06	5.696556e-09	1.796204e-09	3.123964e+01	4.569206e+02
2.950000e-06	5.731505e-09	1.802754e-09	3.143130e+01	4.585555e+02
2.960000e-06	5.765876e-09	1.809154e-09	3.161979e+01	4.601549e+02
2.970000e-06	5.799572e-09	1.815743e-09	3.180458e+01	4.617194e+02
2.980000e-06	5.832604e-09	1.822540e-09	3.198573e+01	4.632504e+02
2.990000e-06	5.865093e-09	1.828873e-09	3.216390e+01	4.647496e+02
3.000000e-06	5.897191e-09	1.834546e-09	3.233993e+01	4.662194e+02
3.010000e-06	5.928999e-09	1.840075e-09	3.251437e+01	4.676625e+02
3.020000e-06	5.960515e-09	1.845784e-09	3.268720e+01	4.690817e+02
3.030000e-06	5.991662e-09	1.851723e-09	3.285801e+01	4.704795e+02
3.040000e-06	6.022372e-09	1.857804e-09	3.302643e+01	4.718584e+02
3.050000e-06	6.052630e-09	1.863815e-09	3.319236e+01	4.732201e+02
3.060000e-06	6.082459e-09	1.869640e-09	3.335595e+01	4.745657e+02
3.070000e-06	6.111874e-09	1.875269e-09	3.351726e+01	4.758957e+02
3.080000e-06	6.140870e-09	1.880423e-09	3.367627e+01	4.772095e+02
3.090000e-06	6.169461e-09	1.885176e-09	3.383307e+01	4.785060e+02
3.100000e-06	6.197704e-09	1.890140e-09	3.398795e+01	4.797834e+02
3.110000e-06	6.225664e-09	1.895447e-09	3.414129e+01	4.810394e+02
3.120000e-06	6.253354e-09	1.900939e-09	3.429315e+01	4.822717e+02
3.130000e-06	6.280681e-09	1.906196e-09	3.444301e+01	4.834776e+02
3.140000e-06	6.307468e-09	1.910951e-09	3.458991e+01	4.846550e+02
3.150000e-06	6.333547e-09	1.915494e-09	3.473293e+01	4.858021e+02
3.160000e-06	6.358858e-09	1.919871e-09	3.487174e+01	4.869177e+02
3.170000e-06	6.383500e-09	1.924084e-09	3.500687e+01	4.880012e+02
3.180000e-06	6.407649e-09	1.928057e-09	3.513931e+01	4.890530e+02
3.190000e-06	6.431428e-09	1.931778e-09	3.526972e+01	4.900739e+02
3.200000e-06	6.454843e-09	1.935435e-09	3.539812e+01	4.910654e+02
3.210000e-06	6.477824e-09	1.939282e-09	3.552415e+01	4.920294e+02
3.220000e-06	6.500341e-09	1.943563e-09	3.564764e+01	4.929680e+02
3.230000e-06	6.522423e-09	1.947951e-09	3.576874e+01	4.938834e+02
3.240000e-06	6.544087e-09	1.952028e-09	3.588754e+01	4.947776e+02
3.250000e-06	6.565300e-09	1.955715e-09	3.600387e+01	4.956522e+02
3.260000e-06	6.586039e-09	1.958783e-09	3.611761e+01	4.965084e+02
3.270000e-06	6.606356e-09	1.961316e-09	3.622903e+01	4.973469e+02
3.280000e-06	6.626341e-09	1.963927e-09	3.633863e+01	4.981678e+02
3.290000e-06	6.646035e-09	1.966851e-09	3.644663e+01	4.989709e+02
3.300000e-06	6.665360e-09	1.970133e-09	3.655261e+01	4.997555e+02
3.310000e-06	6.684188e-09	1.973909e-09	3.665586e+01	5.005210e+02
3.320000e-06	6.702433e-09	1.977735e-09	3.675592e+01	5.012663e+02
3.330000e-06	6.720117e-09	1.980768e-09	3.685290e+01	5.019909e+02
3.340000e-06	6.737337e-09	1.982938e-09	3.694734e+01	5.026944e+02
3.350000e-06	6.754172e-09	1.984829e-09	3.703966e+01	5.033766e+02
3.360000e-06	6.770600e-09	1.986616e-09	3.712975e+01	5.040379e+02
3.370000e-06	6.786507e-09	1.988533e-09	3.721699e+01	5.046790e+02
3.380000e-06	6.801790e-09	1.991227e-09	3.730080e+01	5.053009e+02
3.390000e-06	6.816446e-09	1.994523e-09	3.738118e+01	5.059048e+02
3.400000e-06	6.830556e-09	1.997582e-09	3.745856e+01	5.064918e+02
3.410000e-06	6.844169e-09	2.000012e-09	3.753322e+01	5.070632e+02
3.420000e-06	6.857272e-09	2.001924e-09	3.760507e+01	5.076195e+02
3.430000e-06	6.869861e-09	2.003532e-09	3.767411e+01	5.081612e+02
3.440000e-06	6.881976e-09	2.005071e-09	3.774055e+01	5.086880e+02
3.450000e-06	6.893625e-09	2.006689e-09	3.780444e+01	5.091992e+02
3.460000e-06	6.904715e-09	2.008141e-09	3.786526e+01	5.096936e+02
3.470000e-06	6.915098e-09	2.009530e-09	3.792220e+01	5.101696e+02
3.480000e-06	6.924688e-09	2.010931e-09	3.797479e+01	5.106252e+02
3.490000e-06	6.933540e-09	2.012004e-09	3.802334e+01	5.110587e+02
3.500000e-06	6.941844e-09	2.012910e-09	3.806888e+01	5.114682e+02
3.510000e-06	6.949775e-09	2.013915e-09	3.811238e+01	5.118524e+02
3.520000e-06	6.957368e-09	2.015231e-09	3.815402e+01	5.122107e+02
3.530000e-06	6.964543e-09	2.016959e-09	3.819337e+01	5.125428e+02
3.540000e-06	6.971219e-09	2.018612e-09	3.822998e+01	5.128495e+02
3.550000e-06	6.977381e-09	2.019666e-09	3.826378e+01	5.131323e+02
3.560000e-06	6.983045e-09	2.019814e-09	3.829484e+01	5.133931e+02
3.570000e-06	6.988193e-09	2.019416e-09	3.832307e+01	5.136345e+02
3.580000e-06	6.992835e-09	2.019611e-09	3.834853e+01	5.138591e+02
3.590000e-06	6.997060e-09	2.020443e-09	3.837170e+01	5.140698e+02
3.600000e-06	7.000964e-09	2.021322e-09	3.839311e+01	5.142687e+02
3.610000e-06	7.004539e-09	2.022498e-09	3.841272e+01	5.144578e+02
3.620000e-06	7.007649e-09	2.023985e-09	3.842977e+01	5.146380e+02
3.630000e-06	7.010109e-09	2.024807e-09	3.844327e+01	5.148094e+02
3.640000e-06	7.011796e-09	2.024002e-09	3.845252e+01	5.149712e+02
3.650000e-06	7.012742e-09	2.022180e-09	3.845772e+01	5.151217e+02
3.660000e-06	7.013116e-09	2.021090e-09	3.845977e+01	5.152585e+02
3.670000e-06	7.013094e-09	2.021222e-09	3.845965e+01	5.153788e+02
3.680000e-06	7.012724e-09	2.022069e-09	3.845762e+01	5.154793e+02
3.690000e-06	7.011935e-09	2.023642e-09	3.845330e+01	5.155572e+02
3.700000e-06	7.010658e-09	2.025142e-09	3.844630e+01	5.156099e+02
3.710000e-06	7.008907e-09	2.025371e-09	3.843670e+01	5.156357e+02
3.720000e-06	7.006726e-09	2.024463e-09	3.842474e+01	5.156338e+02
3.730000e-06	7.004108e-09	2.022155e-09	3.841039e+01	5.156045e+02
3.740000e-06	7.001024e-09	2.017128e-09	3.839348e+01	5.155492e+02
3.750000e-06	6.997470e-09	2.015797e-09	3.837399e+01	5.154702e+02
3.760000e-06	6.993378e-09	2.034784e-09	3.835155e+01	5.153707e+02
3.770000e-06	6.988517e-09	2.050194e-09	3.832489e+01	5.152546e+02
3.780000e-06	6.982782e-09	2.009976e-09	3.829345e+01	5.151256e+02
3.790000e-06	6.976541e-09	1.977775e-09	3.825923e+01	5.149875e+02
3.800000e-06	6.970175e-09	2.031977e-09	3.822432e+01	5.148433e+02
3.810000e-06	6.963509e-09	2.068402e-09	3.818776e+01	5.146955e+02
3.820000e-06	6.956190e-09	2.008823e-09	3.814764e+01	5.145451e+02
3.830000e-06	6.948279e-09	1.966762e-09	3.810425e+01	5.143922e+02
3.840000e-06	6.940031e-09	2.027188e-09	3.805902e+01	5.142355e+02
3.850000e-06	6.931419e-09	2.070843e-09	3.801179e+01	5.140728e+02
3.860000e-06	6.922218e-09	2.005679e-09	3.796134e+01	5.139011e+02
3.870000e-06	6.912444e-09	1.962925e-09	3.790774e+01	5.137169e+02
3.880000e-06	6.902293e-09	2.029628e-09	3.785207e+01	5.135167e+02
3.890000e-06	6.891743e-09	2.065370e-09	3.779421e+01	5.132976e+02
3.900000e-06	6.880615e-09	1.993741e-09	3.773319e+01	5.130573e+02
3.910000e-06	6.868920e-09	1.971544e-09	3.766906e+01	5.127948e+02
3.920000e-06	6.856715e-09	2.046585e-09	3.760213e+01	5.125104e+02
3.930000e-06	6.843828e-09	2.048571e-09	3.753146e+01	5.122061e+02
3.940000e-06	6.830109e-09	1.968542e-09	3.745623e+01	5.118854e+02
3.950000e-06	6.815698e-09	1.984269e-09	3.737720e+01	5.115528e+02
3.960000e-06	6.800732e-09	2.056107e-09	3.729513e+01	5.112141e+02
3.970000e-06	6.785202e-09	2.015943e-09	3.720997e+01	5.108754e+02
3.980000e-06	6.769208e-09	1.959995e-09	3.712226e+01	5.105429e+02
3.990000e-06	6.752869e-09	2.018686e-09	3.703266e+01	5.102223e+02
4.000000e-06	6.736110e-09	2.044828e-09	3.694075e+01	5.099181e+02
4.010000e-06	6.718817e-09	1.971187e-09	3.684592e+01	5.096333e+02
4.020000e-06	6.701045e-09	1.975542e-09	3.674846e+01	5.093691e+02
4.030000e-06	6.682850e-09	2.050134e-09	3.664868e+01	5.091245e+02
4.040000e-06	6.664183e-09	2.018113e-09	3.654631e+01	5.088963e+02
4.050000e-06	6.645038e-09	1.960349e-09	3.644133e+01	5.086794e+02
4.060000e-06	6.625486e-09	2.016326e-09	3.633410e+01	5.084668e+02
4.070000e-06	6.605577e-09	2.042712e-09	3.622493e+01	5.082504e+02
4.080000e-06	6.585328e-09	1.970946e-09	3.611388e+01	5.080211e+02
4.090000e-06	6.564697e-09	1.977718e-09	3.600074e+01	5.077696e+02
4.100000e-06	6.543519e-09	2.037507e-09	3.588461e+01	5.074871e+02
4.110000e-06	6.521609e-09	1.992213e-09	3.576446e+01	5.071657e+02
4.120000e-06	6.498933e-09	1.959577e-09	3.564011e+01	5.067989e+02
4.130000e-06	6.475611e-09	2.021068e-09	3.551221e+01	5.063818e+02
4.140000e-06	6.451829e-09	2.013287e-09	3.538180e+01	5.059119e+02
4.150000e-06	6.427723e-09	1.957789e-09	3.524960e+01	5.053882e+02
4.160000e-06	6.403279e-09	1.993165e-09	3.511555e+01	5.048121e+02
4.170000e-06	6.378404e-09	2.013641e-09	3.497914e+01	5.041864e+02
4.180000e-06	6.353073e-09	1.964941e-09	3.484023e+01	5.035154e+02
4.190000e-06	6.327304e-09	1.971984e-09	3.469891e+01	5.028043e+02
4.200000e-06	6.301078e-09	1.997101e-09	3.455509e+01	5.020589e+02
4.210000e-06	6.274353e-09	1.967196e-09	3.440854e+01	5.012849e+02
4.220000e-06	6.247136e-09	1.965699e-09	3.425928e+01	5.004876e+02
4.230000e-06	6.219501e-09	1.985863e-09	3.410773e+01	4.996716e+02
4.240000e-06	6.191558e-09	1.961554e-09	3.395449e+01	4.988407e+02
4.250000e-06	6.163355e-09	1.951394e-09	3.379983e+01	4.979974e+02
4.260000e-06	6.134825e-09	1.967668e-09	3.364337e+01	4.971432e+02
4.270000e-06	6.105829e-09	1.954893e-09	3.348436e+01	4.962787e+02
4.280000e-06	6.076221e-09	1.946068e-09	3.332200e+01	4.954033e+02
4.290000e-06	6.045908e-09	1.955914e-09	3.315577e+01	4.945160e+02
4.300000e-06	6.014920e-09	1.943562e-09	3.298583e+01	4.936153e+02
4.310000e-06	5.983393e-09	1.934407e-09	3.281293e+01	4.926994e+02
4.320000e-06	5.951474e-09	1.943141e-09	3.263789e+01	4.917668e+02
4.330000e-06	5.919233e-09	1.934311e-09	3.246109e+01	4.908159e+02
4.340000e-06	5.886646e-09	1.922691e-09	3.228238e+01	4.898456e+02
4.350000e-06	5.853640e-09	1.926423e-09	3.210138e+01	4.888549e+02
4.360000e-06	5.820188e-09	1.922029e-09	3.191793e+01	4.878435e+02
4.370000e-06	5.786336e-09	1.915561e-09	3.173229e+01	4.868111e+02
4.380000e-06	5.752132e-09	1.916059e-09	3.154472e+01	4.857576e+02
4.390000e-06	5.717567e-09	1.907954e-09	3.135516e+01	4.846832e+02
4.400000e-06	5.682593e-09	1.900084e-09	3.116337e+01	4.835877e+02
4.410000e-06	5.647209e-09	1.901343e-09	3.096933e+01	4.824712e+02
4.420000e-06	5.611483e-09	1.896571e-09	3.077341e+01	4.813334e+02
4.430000e-06	5.575490e-09	1.887966e-09	3.057602e+01	4.801740e+02
4.440000e-06	5.539245e-09	1.883885e-09	3.037726e+01	4.789924e+02
4.450000e-06	5.502676e-09	1.878590e-09	3.017671e+01	4.777881e+02
4.460000e-06	5.465630e-09	1.873569e-09	2.997356e+01	4.765608e+02
4.470000e-06	5.427965e-09	1.870230e-09	2.976701e+01	4.753103e+02
4.480000e-06	5.389637e-09	1.863752e-09	2.955682e+01	4.740365e+02
4.490000e-06	5.350708e-09	1.857776e-09	2.934334e+01	4.727401e+02
4.500000e-06	5.311300e-09	1.853752e-09	2.912723e+01	4.714218e+02
4.510000e-06	5.271526e-09	1.847814e-09	2.890911e+01	4.700829e+02
4.520000e-06	5.231476e-09	1.841901e-09	2.868947e+01	4.687251e+02
4.530000e-06	5.191184e-09	1.835880e-09	2.846851e+01	4.673501e+02
4.540000e-06	5.150613e-09	1.827868e-09	2.824602e+01	4.659597e+02
4.550000e-06	5.109705e-09	1.822194e-09	2.802168e+01	4.645557e+02
4.560000e-06	5.068420e-09	1.819757e-09	2.779528e+01	4.631394e+02
4.570000e-06	5.026762e-09	1.814888e-09	2.756683e+01	4.617114e+02
4.580000e-06	4.984770e-09	1.807562e-09	2.733655e+01	4.602719e+02
4.590000e-06	4.942452e-09	1.801572e-09	2.710448e+01	4.588199e+02
4.600000e-06	4.899769e-09	1.796219e-09	2.687041e+01	4.573538e+02
4.610000e-06	4.856692e-09	1.789256e-09	2.663418e+01	4.558711e+02
4.620000e-06	4.813256e-09	1.782413e-09	2.639598e+01	4.543689e+02
4.630000e-06	4.769540e-09	1.777114e-09	2.615624e+01	4.528433e+02
4.640000e-06	4.725591e-09	1.772126e-09	2.591523e+01	4.512907e+02
4.650000e-06	4.681418e-09	1.767021e-09	2.567298e+01	4.497073e+02
4.660000e-06	4.637002e-09	1.761821e-09	2.542941e+01	4.480897e+02
4.670000e-06	4.592316e-09	1.755089e-09	2.518435e+01	4.464352e+02
4.680000e-06	4.547344e-09	1.746787e-09	2.493773e+01	4.447418e+02
4.690000e-06	4.502055e-09	1.738725e-09	2.468936e+01	4.430085e+02
4.700000e-06	4.456389e-09	1.731701e-09	2.443894e+01	4.412357e+02
4.710000e-06	4.410323e-09	1.724895e-09	2.418631e+01	4.394244e+02
4.720000e-06	4.363900e-09	1.717779e-09	2.393173e+01	4.375767e+02
4.730000e-06	4.317190e-09	1.710690e-09	2.367558e+01	4.356955e+02
4.740000e-06	4.270223e-09	1.703584e-09	2.341801e+01	4.337840e+02
4.750000e-06	4.222991e-09	1.695821e-09	2.315899e+01	4.318456e+02
4.760000e-06	4.175467e-09	1.687190e-09	2.289837e+01	4.298837e+02
4.770000e-06	4.127612e-09	1.678197e-09	2.263594e+01	4.279010e+02
4.780000e-06	4.079397e-09	1.669702e-09	2.237153e+01	4.258997e+02
4.790000e-06	4.030801e-09	1.661970e-09	2.210503e+01	4.238810e+02
4.800000e-06	3.981831e-09	1.654245e-09	2.183648e+01	4.218453e+02
4.810000e-06	3.932510e-09	1.646191e-09	2.156600e+01	4.197918e+02
4.820000e-06	3.882874e-09	1.638183e-09	2.129380e+01	4.177191e+02
4.830000e-06	3.832952e-09	1.630109e-09	2.102003e+01	4.156250e+02
4.840000e-06	3.782746e-09	1.621569e-09	2.074470e+01	4.135068e+02
4.850000e-06	3.732242e-09	1.612959e-09	2.046774e+01	4.113617e+02
4.860000e-06	3.681427e-09	1.604153e-09	2.018907e+01	4.091869e+02
4.870000e-06	3.630303e-09	1.594519e-09	1.990871e+01	4.069799e+02
4.880000e-06	3.578891e-09	1.584745e-09	1.962677e+01	4.047389e+02
4.890000e-06	3.527223e-09	1.575750e-09	1.934342e+01	4.024629e+02
4.900000e-06	3.475323e-09	1.566704e-09	1.905880e+01	4.001513e+02
4.910000e-06	3.423204e-09	1.556976e-09	1.877298e+01	3.978046e+02
4.920000e-06	3.370857e-09	1.547450e-09	1.848592e+01	3.954239e+02
4.930000e-06	3.318256e-09	1.538482e-09	1.819746e+01	3.930108e+02
4.940000e-06	3.265368e-09	1.529287e-09	1.790742e+01	3.905672e+02
4.950000e-06	3.212164e-09	1.519665e-09	1.761565e+01	3.880950e+02
4.960000e-06	3.158617e-09	1.509731e-09	1.732200e+01	3.855958e+02
4.970000e-06	3.104708e-09	1.499634e-09	1.702637e+01	3.830711e+02
4.980000e-06	3.050429e-09	1.489645e-09	1.672871e+01	3.805213e+02
4.990000e-06	2.995780e-09	1.479909e-09	1.642902e+01	3.779463e+02
5.000000e-06	2.940787e-09	1.470042e-09	1.612744e+01	3.753453e+02
5.010000e-06	2.885491e-09	1.459827e-09	1.582420e+01	3.727164e+02
5.020000e-06	2.829947e-09	1.449522e-09	1.551960e+01	3.700573e+02
5.030000e-06	2.774207e-09	1.439200e-09	1.521392e+01	3.673648e+02
5.040000e-06	2.718315e-09	1.428592e-09	1.490741e+01	3.646358e+02
5.050000e-06	2.662298e-09	1.417275e-09	1.460022e+01	3.618666e+02
5.060000e-06	2.606172e-09	1.405545e-09	1.429242e+01	3.590539e+02
5.070000e-06	2.549936e-09	1.393878e-09	1.398402e+01	3.561944e+02
5.080000e-06	2.493586e-09	1.382511e-09	1.367500e+01	3.532855e+02
5.090000e-06	2.437109e-09	1.371287e-09	1.336528e+01	3.503248e+02
5.100000e-06	2.380491e-09	1.359658e-09	1.305479e+01	3.473106e+02
5.110000e-06	2.323717e-09	1.347541e-09	1.274344e+01	3.442416e+02
5.120000e-06	2.266775e-09	1.335320e-09	1.243117e+01	3.411169e+02
5.130000e-06	2.209661e-09	1.322873e-09	1.211796e+01	3.379360e+02
5.140000e-06	2.152374e-09	1.309716e-09	1.180380e+01	3.346981e+02
5.150000e-06	2.094909e-09	1.295853e-09	1.148867e+01	3.314027e+02
5.160000e-06	2.037275e-09	1.282122e-09	1.117260e+01	3.280487e+02
5.170000e-06	1.979491e-09	1.268683e-09	1.085572e+01	3.246346e+02
5.180000e-06	1.921571e-09	1.255232e-09	1.053808e+01	3.211585e+02
5.190000e-06	1.863527e-09	1.241854e-09	1.021978e+01	3.176178e+02
5.200000e-06	1.805369e-09	1.227835e-09	9.900838e+00	3.140094e+02
5.210000e-06	1.747095e-09	1.213025e-09	9.581264e+00	3.103297e+02
5.220000e-06	1.688704e-09	1.197901e-09	9.261052e+00	3.065748e+02
5.230000e-06	1.630197e-09	1.182084e-09	8.940200e+00	3.027404e+02
5.240000e-06	1.571566e-09	1.165485e-09	8.618671e+00	2.988226e+02
5.250000e-06	1.512813e-09	1.148950e-09	8.296468e+00	2.948172e+02
5.260000e-06	1.453944e-09	1.132584e-09	7.973632e+00	2.907208e+02
5.270000e-06	1.394958e-09	1.115873e-09	7.650154e+00	2.865304e+02
5.280000e-06	1.335856e-09	1.099264e-09	7.326040e+00	2.822434e+02
5.290000e-06	1.276644e-09	1.082889e-09	7.001327e+00	2.778582e+02
5.300000e-06	1.217335e-09	1.065725e-09	6.676075e+00	2.733737e+02
5.310000e-06	1.157940e-09	1.047119e-09	6.350357e+00	2.687893e+02
5.320000e-06	1.098474e-09	1.027851e-09	6.024246e+00	2.641050e+02
5.330000e-06	1.038950e-09	1.008625e-09	5.697818e+00	2.593209e+02
5.340000e-06	9.793752e-10	9.891676e-10	5.371112e+00	2.544374e+02
5.350000e-06	9.197512e-10	9.695737e-10	5.044135e+00	2.494546e+02
5.360000e-06	8.600770e-10	9.502962e-10	4.716882e+00	2.443724e+02
5.370000e-06	8.003542e-10	9.308973e-10	4.389364e+00	2.391902e+02
5.380000e-06	7.405877e-10	9.108548e-10	4.061605e+00	2.339068e+02
5.390000e-06	6.807828e-10	8.902408e-10	3.733636e+00	2.285203e+02
5.400000e-06	6.209414e-10	8.685849e-10	3.405467e+00	2.230282e+02
5.410000e-06	5.610650e-10	8.458729e-10	3.077105e+00	2.174269e+02
5.420000e-06	5.011591e-10	8.230038e-10	2.748581e+00	2.117128e+02
5.430000e-06	4.412298e-10	8.002046e-10	2.419929e+00	2.058812e+02
5.440000e-06	3.812808e-10	7.771539e-10	2.091170e+00	1.999275e+02
5.450000e-06	3.213171e-10	7.540295e-10	1.762329e+00	1.938468e+02
5.460000e-06	2.613465e-10	7.308533e-10	1.433451e+00	1.876342e+02
5.470000e-06	2.013751e-10	7.070940e-10	1.104568e+00	1.812852e+02
5.480000e-06	1.414073e-10	6.823744e-10	7.757057e-01	1.747958e+02
5.490000e-06	8.144301e-11	6.565983e-10	4.468619e-01	1.681627e+02
5.500000e-06	2.147974e-11	6.297351e-10	1.180240e-01	1.613834e+02
5.510000e-06	-3.848403e-11	6.020453e-10	-2.108172e-01	1.544564e+02
5.520000e-06	-9.844778e-11	5.740099e-10	-5.396586e-01	1.473817e+02
5.530000e-06	-1.584084e-10	5.458095e-10	-8.684828e-01	1.401600e+02
5.540000e-06	-2.183656e-10	5.172880e-10	-1.197288e+00	1.327937e+02
5.550000e-06	-2.783147e-10	4.880370e-10	-1.526049e+00	1.252864e+02
5.560000e-06	-3.382501e-10	4.578900e-10	-1.854734e+00	1.176429e+02
5.570000e-06	-3.981709e-10	4.271718e-10	-2.183339e+00	1.098691e+02
5.580000e-06	-4.580768e-10	3.959610e-10	-2.511863e+00	1.019721e+02
5.590000e-06	-5.179609e-10	3.641290e-10	-2.840267e+00	9.396013e+01
5.600000e-06	-5.778121e-10	3.320490e-10	-3.168492e+00	8.584186e+01
5.610000e-06	-6.376246e-10	2.999925e-10	-3.496504e+00	7.762672e+01
5.620000e-06	-6.973951e-10	2.676067e-10	-3.824285e+00	6.932450e+01
5.630000e-06	-7.571237e-10	2.349732e-10	-4.151835e+00	6.094509e+01
5.640000e-06	-8.168076e-10	2.022661e-10	-4.479141e+00	5.249833e+01
5.650000e-06	-8.764433e-10	1.693058e-10	-4.806182e+00	4.399376e+01
5.660000e-06	-9.360314e-10	1.362303e-10	-5.132962e+00	3.544043e+01
5.670000e-06	-9.955684e-10	1.030682e-10	-5.459463e+00	2.684674e+01
5.680000e-06	-1.055050e-09	6.955338e-11	-5.785661e+00	1.822034e+01
5.690000e-06	-1.114465e-09	3.572441e-11	-6.111490e+00	9.568072e+00
5.700000e-06	-1.173799e-09	1.890323e-12	-6.436876e+00	8.959308e-01
5.710000e-06	-1.233045e-09	-3.193281e-11	-6.761782e+00	-7.790844e+00
5.720000e-06	-1.292198e-09	-6.583119e-11	-7.086173e+00	-1.648768e+01
5.730000e-06	-1.351245e-09	-9.961840e-11	-7.409985e+00	-2.519049e+01
5.740000e-06	-1.410176e-09	-1.333438e-10	-7.733167e+00	-3.389553e+01
5.750000e-06	-1.468988e-09	-1.672734e-10	-8.055690e+00	-4.259910e+01
5.760000e-06	-1.527676e-09	-2.015145e-10	-8.377535e+00	-5.129740e+01
5.770000e-06	-1.586241e-09	-2.360175e-10	-8.698702e+00	-5.998625e+01
5.780000e-06	-1.644685e-09	-2.704777e-10	-9.019212e+00	-6.866095e+01
5.790000e-06	-1.703017e-09	-3.046482e-10	-9.339105e+00	-7.731609e+01
5.800000e-06	-1.761239e-09	-3.383703e-10	-9.658392e+00	-8.594554e+01
5.810000e-06	-1.819343e-09	-3.715751e-10	-9.977034e+00	-9.454234e+01
5.820000e-06	-1.877321e-09	-4.046379e-10	-1.029498e+01	-1.030988e+02
5.830000e-06	-1.935166e-09	-4.380508e-10	-1.061220e+01	-1.116067e+02
5.840000e-06	-1.992862e-09	-4.717960e-10	-1.092861e+01	-1.200572e+02
5.850000e-06	-2.050395e-09	-5.053672e-10	-1.124411e+01	-1.284414e+02
5.860000e-06	-2.107756e-09	-5.384981e-10	-1.155868e+01	-1.367503e+02
5.870000e-06	-2.164940e-09	-5.712107e-10	-1.187228e+01	-1.449754e+02
5.880000e-06	-2.221942e-09	-6.031464e-10	-1.218488e+01	-1.531084e+02
5.890000e-06	-2.278764e-09	-6.340181e-10	-1.249648e+01	-1.611421e+02
5.900000e-06	-2.335417e-09	-6.643722e-10	-1.280717e+01	-1.690700e+02
5.910000e-06	-2.391919e-09	-6.949534e-10	-1.311703e+01	-1.768869e+02
5.920000e-06	-2.448291e-09	-7.258199e-10	-1.342617e+01	-1.845885e+02
5.930000e-06	-2.504548e-09	-7.566518e-10	-1.373469e+01	-1.921718e+02
5.940000e-06	-2.560698e-09	-7.869071e-10	-1.404261e+01	-1.996348e+02
5.950000e-06	-2.616746e-09	-8.160292e-10	-1.434998e+01	-2.069764e+02
5.960000e-06	-2.672685e-09	-8.442257e-10	-1.465675e+01	-2.141965e+02
5.970000e-06	-2.728493e-09	-8.719060e-10	-1.496280e+01	-2.212953e+02
5.980000e-06	-2.784136e-09	-8.990321e-10	-1.526795e+01	-2.282737e+02
5.990000e-06	-2.839568e-09	-9.254964e-10	-1.557194e+01	-2.351325e+02
6.000000e-06	-2.894742e-09	-9.516736e-10	-1.587451e+01	-2.418728e+02
6.010000e-06	-2.949610e-09	-9.780740e-10	-1.617540e+01	-2.484955e+02
6.020000e-06	-3.004129e-09	-1.004236e-09	-1.647438e+01	-2.550011e+02
6.030000e-06	-3.058273e-09	-1.029381e-09	-1.677131e+01	-2.613899e+02
6.040000e-06	-3.112040e-09	-1.053480e-09	-1.706616e+01	-2.676619e+02
6.050000e-06	-3.165441e-09	-1.076913e-09	-1.735901e+01	-2.738166e+02
6.060000e-06	-3.218502e-09	-1.099864e-09	-1.764999e+01	-2.798531e+02
6.070000e-06	-3.271266e-09	-1.122309e-09	-1.793935e+01	-2.857703e+02
6.080000e-06	-3.323775e-09	-1.144732e-09	-1.822731e+01	-2.915668e+02
6.090000e-06	-3.376055e-09	-1.167215e-09	-1.851402e+01	-2.972411e+02
6.100000e-06	-3.428121e-09	-1.189081e-09	-1.879955e+01	-3.027913e+02
6.110000e-06	-3.479963e-09	-1.210463e-09	-1.908385e+01	-3.082157e+02
6.120000e-06	-3.531565e-09	-1.231498e-09	-1.936683e+01	-3.135124e+02
6.130000e-06	-3.582901e-09	-1.251589e-09	-1.964836e+01	-3.186796e+02
6.140000e-06	-3.633951e-09	-1.270894e-09	-1.992831e+01	-3.237156e+02
6.150000e-06	-3.684705e-09	-1.290131e-09	-2.020665e+01	-3.286188e+02
6.160000e-06	-3.735168e-09	-1.309154e-09	-2.048339e+01	-3.333878e+02
6.170000e-06	-3.785344e-09	-1.327531e-09	-2.075856e+01	-3.380216e+02
6.180000e-06	-3.835217e-09	-1.345147e-09	-2.103206e+01	-3.425194e+02
6.190000e-06	-3.884741e-09	-1.362190e-09	-2.130365e+01	-3.468809e+02
6.200000e-06	-3.933870e-09	-1.379142e-09	-2.157307e+01	-3.511064e+02
6.210000e-06	-3.982575e-09	-1.396016e-09	-2.184017e+01	-3.551969e+02
6.220000e-06	-4.030849e-09	-1.412037e-09	-2.210491e+01	-3.591542e+02
6.230000e-06	-4.078707e-09	-1.427157e-09	-2.236736e+01	-3.629807e+02
6.240000e-06	-4.126189e-09	-1.442246e-09	-2.262775e+01	-3.666798e+02
6.250000e-06	-4.173350e-09	-1.457050e-09	-2.288639e+01	-3.702560e+02
6.260000e-06	-4.220241e-09	-1.470750e-09	-2.314354e+01	-3.737144e+02
6.270000e-06	-4.266897e-09	-1.483641e-09	-2.339940e+01	-3.770609e+02
6.280000e-06	-4.313330e-09	-1.496348e-09	-2.365404e+01	-3.803020e+02
6.290000e-06	-4.359529e-09	-1.509137e-09	-2.390739e+01	-3.834449e+02
6.300000e-06	-4.405465e-09	-1.521773e-09	-2.415931e+01	-3.864966e+02
6.310000e-06	-4.451097e-09	-1.533665e-09	-2.440955e+01	-3.894646e+02
6.320000e-06	-4.496392e-09	-1.544793e-09	-2.465795e+01	-3.923559e+02
6.330000e-06	-4.541340e-09	-1.555481e-09	-2.490444e+01	-3.951771e+02
6.340000e-06	-4.585969e-09	-1.566081e-09	-2.514919e+01	-3.979341e+02
6.350000e-06	-4.630339e-09	-1.576802e-09	-2.539252e+01	-4.006323e+02
6.360000e-06	-4.674508e-09	-1.587267e-09	-2.563474e+01	-4.032760e+02
6.370000e-06	-4.718494e-09	-1.597337e-09	-2.587596e+01	-4.058685e+02
6.380000e-06	-4.762272e-09	-1.607279e-09	-2.611604e+01	-4.084126e+02
6.390000e-06	-4.805775e-09	-1.616882e-09	-2.635461e+01	-4.109098e+02
6.400000e-06	-4.848942e-09	-1.625951e-09	-2.659133e+01	-4.133615e+02
6.410000e-06	-4.891744e-09	-1.634892e-09	-2.682606e+01	-4.157683e+02
6.420000e-06	-4.934191e-09	-1.644094e-09	-2.705885e+01	-4.181306e+02
6.430000e-06	-4.976306e-09	-1.653589e-09	-2.728980e+01	-4.204486e+02
6.440000e-06	-5.018088e-09	-1.663152e-09	-2.751894e+01	-4.227228e+02
6.450000e-06	-5.059505e-09	-1.672438e-09	-2.774607e+01	-4.249538e+02
6.460000e-06	-5.100534e-09	-1.680922e-09	-2.797107e+01	-4.271425e+02
6.470000e-06	-5.141200e-09	-1.688472e-09	-2.819409e+01	-4.292900e+02
6.480000e-06	-5.181566e-09	-1.695669e-09	-2.841546e+01	-4.313978e+02
6.490000e-06	-5.221691e-09	-1.703037e-09	-2.863550e+01	-4.334676e+02
6.500000e-06	-5.261590e-09	-1.710671e-09	-2.885431e+01	-4.355013e+02
6.510000e-06	-5.301212e-09	-1.718358e-09	-2.907160e+01	-4.375006e+02
6.520000e-06	-5.340445e-09	-1.726029e-09	-2.928675e+01	-4.394670e+02
6.530000e-06	-5.379160e-09	-1.733834e-09	-2.949907e+01	-4.414018e+02
6.540000e-06	-5.417260e-09	-1.741664e-09	-2.970800e+01	-4.433059e+02
6.550000e-06	-5.454719e-09	-1.749041e-09	-2.991343e+01	-4.451796e+02
6.560000e-06	-5.491611e-09	-1.755622e-09	-3.011575e+01	-4.470227e+02
6.570000e-06	-5.528076e-09	-1.761646e-09	-3.031573e+01	-4.488348e+02
6.580000e-06	-5.564239e-09	-1.767871e-09	-3.051405e+01	-4.506149e+02
6.590000e-06	-5.600147e-09	-1.774606e-09	-3.071097e+01	-4.523620e+02
6.600000e-06	-5.635762e-09	-1.781558e-09	-3.090628e+01	-4.540750e+02
6.610000e-06	-5.671002e-09	-1.788569e-09	-3.109954e+01	-4.557530e+02
6.620000e-06	-5.705825e-09	-1.795310e-09	-3.129051e+01	-4.573955e+02
6.630000e-06	-5.740231e-09	-1.801589e-09	-3.147919e+01	-4.590025e+02
6.640000e-06	-5.774230e-09	-1.807423e-09	-3.166564e+01	-4.605743e+02
6.650000e-06	-5.807814e-09	-1.812842e-09	-3.184982e+01	-4.621123e+02
6.660000e-06	-5.840963e-09	-1.817903e-09	-3.203161e+01	-4.636181e+02
6.670000e-06	-5.873693e-09	-1.822884e-09	-3.221110e+01	-4.650940e+02
6.680000e-06	-5.906069e-09	-1.828329e-09	-3.238865e+01	-4.665426e+02
6.690000e-06	-5.938140e-09	-1.834273e-09	-3.256453e+01	-4.679666e+02
6.700000e-06	-5.969879e-09	-1.840335e-09	-3.273859e+01	-4.693687e+02
6.710000e-06	-6.001170e-09	-1.846027e-09	-3.291019e+01	-4.707514e+02
6.720000e-06	-6.031870e-09	-1.851194e-09	-3.307855e+01	-4.721166e+02
6.730000e-06	-6.061889e-09	-1.856201e-09	-3.324317e+01	-4.734655e+02
6.740000e-06	-6.091236e-09	-1.861206e-09	-3.340411e+01	-4.747987e+02
6.750000e-06	-6.120024e-09	-1.865879e-09	-3.356198e+01	-4.761160e+02
6.760000e-06	-6.148407e-09	-1.870226e-09	-3.371764e+01	-4.774162e+02
6.770000e-06	-6.176504e-09	-1.874695e-09	-3.387172e+01	-4.786978e+02
6.780000e-06	-6.204315e-09	-1.879641e-09	-3.402424e+01	-4.799585e+02
6.790000e-06	-6.231758e-09	-1.884904e-09	-3.417474e+01	-4.811960e+02
6.800000e-06	-6.258747e-09	-1.889637e-09	-3.432275e+01	-4.824077e+02
6.810000e-06	-6.285256e-09	-1.893581e-09	-3.446812e+01	-4.835913e+02
6.820000e-06	-6.311302e-09	-1.897514e-09	-3.461096e+01	-4.847449e+02
6.830000e-06	-6.336874e-09	-1.901793e-09	-3.475120e+01	-4.858673e+02
6.840000e-06	-6.361956e-09	-1.905996e-09	-3.488875e+01	-4.869576e+02
6.850000e-06	-6.386597e-09	-1.909829e-09	-3.502388e+01	-4.880161e+02
6.860000e-06	-6.410903e-09	-1.913625e-09	-3.515717e+01	-4.890435e+02
6.870000e-06	-6.434931e-09	-1.917810e-09	-3.528895e+01	-4.900411e+02
6.880000e-06	-6.458632e-09	-1.922132e-09	-3.541893e+01	-4.910108e+02
6.890000e-06	-6.481859e-09	-1.926196e-09	-3.554630e+01	-4.919547e+02
6.900000e-06	-6.504448e-09	-1.929668e-09	-3.567018e+01	-4.928749e+02
6.910000e-06	-6.526304e-09	-1.932638e-09	-3.579005e+01	-4.937734e+02
6.920000e-06	-6.547465e-09	-1.935827e-09	-3.590609e+01	-4.946521e+02
6.930000e-06	-6.568079e-09	-1.939331e-09	-3.601914e+01	-4.955121e+02
6.940000e-06	-6.588317e-09	-1.942586e-09	-3.613013e+01	-4.963542e+02
6.950000e-06	-6.608249e-09	-1.945399e-09	-3.623944e+01	-4.971788e+02
6.960000e-06	-6.627812e-09	-1.948130e-09	-3.634672e+01	-4.979857e+02
6.970000e-06	-6.646914e-09	-1.951265e-09	-3.645148e+01	-4.987743e+02
6.980000e-06	-6.665537e-09	-1.954756e-09	-3.655361e+01	-4.995438e+02
6.990000e-06	-6.683722e-09	-1.957928e-09	-3.665333e+01	-5.002934e+02
7.000000e-06	-6.701472e-09	-1.960497e-09	-3.675068e+01	-5.010225e+02
7.010000e-06	-6.718746e-09	-1.963055e-09	-3.684541e+01	-5.017304e+02
7.020000e-06	-6.735546e-09	-1.965975e-09	-3.693754e+01	-5.024171e+02
7.030000e-06	-6.751957e-09	-1.968948e-09	-3.702754e+01	-5.030827e+02
7.040000e-06	-6.768048e-09	-1.971591e-09	-3.711579e+01	-5.037280e+02
7.050000e-06	-6.783760e-09	-1.973772e-09	-3.720195e+01	-5.043539e+02
7.060000e-06	-6.798892e-09	-1.976083e-09	-3.728494e+01	-5.049615e+02
7.070000e-06	-6.813239e-09	-1.978714e-09	-3.736362e+01	-5.055520e+02
7.080000e-06	-6.826768e-09	-1.981162e-09	-3.743782e+01	-5.061266e+02
7.090000e-06	-6.839619e-09	-1.983384e-09	-3.750829e+01	-5.066860e+02
7.100000e-06	-6.851954e-09	-1.985562e-09	-3.757594e+01	-5.072308e+02
7.110000e-06	-6.863833e-09	-1.987942e-09	-3.764108e+01	-5.077608e+02
7.120000e-06	-6.875214e-09	-1.990529e-09	-3.770350e+01	-5.082753e+02
7.130000e-06	-6.886069e-09	-1.993076e-09	-3.776303e+01	-5.087734e+02
7.140000e-06	-6.896447e-09	-1.995153e-09	-3.781994e+01	-5.092534e+02
7.150000e-06	-6.906381e-09	-1.996878e-09	-3.787442e+01	-5.097135e+02
7.160000e-06	-6.915835e-09	-1.998644e-09	-3.792626e+01	-5.101518e+02
7.170000e-06	-6.924784e-09	-2.000387e-09	-3.797535e+01	-5.105665e+02
7.180000e-06	-6.933299e-09	-2.002005e-09	-3.802204e+01	-5.109562e+02
7.190000e-06	-6.941480e-09	-2.003475e-09	-3.806691e+01	-5.113200e+02
7.200000e-06	-6.949329e-09	-2.005124e-09	-3.810995e+01	-5.116576e+02
7.210000e-06	-6.956714e-09	-2.007189e-09	-3.815045e+01	-5.119697e+02
7.220000e-06	-6.963448e-09	-2.009400e-09	-3.818738e+01	-5.122574e+02
7.230000e-06	-6.969411e-09	-2.011211e-09	-3.822009e+01	-5.125227e+02
7.240000e-06	-6.974630e-09	-2.012223e-09	-3.824871e+01	-5.127679e+02
7.250000e-06	-6.979266e-09	-2.012687e-09	-3.827414e+01	-5.129959e+02
7.260000e-06	-6.983502e-09	-2.013447e-09	-3.829737e+01	-5.132093e+02
7.270000e-06	-6.987410e-09	-2.014717e-09	-3.831880e+01	-5.134106e+02
7.280000e-06	-6.990924e-09	-2.015999e-09	-3.833807e+01	-5.136016e+02
7.290000e-06	-6.993953e-09	-2.017229e-09	-3.835468e+01	-5.137835e+02
7.300000e-06	-6.996500e-09	-2.018638e-09	-3.836865e+01	-5.139567e+02
7.310000e-06	-6.998630e-09	-2.020026e-09	-3.838033e+01	-5.141206e+02
7.320000e-06	-7.000295e-09	-2.020984e-09	-3.838947e+01	-5.142736e+02
7.330000e-06	-7.001389e-09	-2.021258e-09	-3.839547e+01	-5.144135e+02
7.340000e-06	-7.002006e-09	-2.021264e-09	-3.839886e+01	-5.145374e+02
